0.000977
0.001951
0.002922
0.003887
0.004844
0.005791
0.006725
0.007645
0.008547
0.009428
0.010286
0.011117
0.011917
0.012682
0.013408
0.014089
0.014722
0.015300
0.015820
0.016275
0.016660
0.016972
0.017207
0.017363
0.017440
0.017440
0.017368
0.017231
0.017042
0.016815
0.016567
0.016318
0.016089
0.015902
0.015775
0.015728
0.015773
0.015920
0.016176
0.016539
0.017009
0.017577
0.018235
0.018973
0.019778
0.020639
0.021544
0.022482
0.023442
0.024414
0.025391
0.026363
0.027326
0.028271
0.029195
0.030092
0.030959
0.031790
0.032584
0.033337
0.034046
0.034710
0.035325
0.035891
0.036406
0.036868
0.037276
0.037632
0.037934
0.038183
0.038382
0.038533
0.038638
0.038703
0.038732
0.038732
0.038710
0.038675
0.038635
0.038601
0.038583
0.038591
0.038636
0.038727
0.038872
0.039081
0.039358
0.039707
0.040132
0.040633
0.041209
0.041855
0.042568
0.043342
0.044170
0.045044
0.045955
0.046895
0.047855
0.048828
0.049805
0.050777
0.051739
0.052683
0.053604
0.054495
0.055351
0.056169
0.056945
0.057674
0.058355
0.058985
0.059562
0.060085
0.060553
0.060966
0.061325
0.061630
0.061883
0.062087
0.062245
0.062360
0.062437
0.062483
0.062502
0.062502
0.062490
0.062475
0.062465
0.062469
0.062496
0.062554
0.062652
0.062798
0.062998
0.063258
0.063582
0.063975
0.064437
0.064968
0.065568
0.066234
0.066961
0.067744
0.068578
0.069455
0.070368
0.071309
0.072270
0.073242
0.074219
0.075192
0.076153
0.077097
0.078016
0.078904
0.079757
0.080570
0.081337
0.082057
0.082726
0.083341
0.083902
0.084406
0.084854
0.085246
0.085582
0.085865
0.086097
0.086281
0.086421
0.086521
0.086586
0.086623
0.086638
0.086638
0.086630
0.086624
0.086627
0.086647
0.086693
0.086772
0.086893
0.087062
0.087285
0.087567
0.087912
0.088323
0.088801
0.089346
0.089957
0.090631
0.091364
0.092152
0.092989
0.093868
0.094781
0.095723
0.096684
0.097656
0.098633
0.099606
0.100567
0.101510
0.102429
0.103316
0.104167
0.104976
0.105740
0.106454
0.107116
0.107724
0.108275
0.108769
0.109206
0.109585
0.109910
0.110180
0.110400
0.110573
0.110702
0.110793
0.110852
0.110884
0.110896
0.110896
0.110892
0.110890
0.110900
0.110929
0.110985
0.111077
0.111210
0.111392
0.111628
0.111922
0.112279
0.112700
0.113187
0.113740
0.114357
0.115036
0.115773
0.116563
0.117401
0.118281
0.119195
0.120137
0.121098
0.122070
0.123047
0.124020
0.124981
0.125924
0.126842
0.127729
0.128578
0.129386
0.130147
0.130858
0.131516
0.132118
0.132663
0.133151
0.133580
0.133952
0.134269
0.134531
0.134744
0.134909
0.135032
0.135117
0.135171
0.135200
0.135211
0.135211
0.135208
0.135210
0.135224
0.135259
0.135322
0.135421
0.135562
0.135752
0.135996
0.136298
0.136662
0.137090
0.137583
0.138141
0.138762
0.139444
0.140183
0.140975
0.141814
0.142694
0.143609
0.144551
0.145512
0.146484
0.147461
0.148434
0.149395
0.150338
0.151256
0.152142
0.152990
0.153797
0.154556
0.155265
0.155920
0.156518
0.157060
0.157542
0.157967
0.158334
0.158644
0.158902
0.159108
0.159269
0.159387
0.159469
0.159520
0.159547
0.159557
0.159556
0.159554
0.159558
0.159575
0.159614
0.159682
0.159786
0.159933
0.160129
0.160378
0.160686
0.161055
0.161487
0.161984
0.162545
0.163169
0.163853
0.164594
0.165387
0.166227
0.167108
0.168023
0.168965
0.169926
0.170898
0.171875
0.172848
0.173809
0.174752
0.175669
0.176555
0.177403
0.178208
0.178966
0.179673
0.180326
0.180922
0.181461
0.181940
0.182361
0.182724
0.183030
0.183284
0.183486
0.183643
0.183758
0.183837
0.183886
0.183911
0.183920
0.183920
0.183919
0.183924
0.183943
0.183985
0.184056
0.184164
0.184315
0.184515
0.184769
0.185080
0.185453
0.185889
0.186389
0.186952
0.187578
0.188264
0.189006
0.189800
0.190641
0.191522
0.192437
0.193379
0.194340
0.195312
0.196289
0.197262
0.198223
0.199166
0.200083
0.200968
0.201816
0.202621
0.203378
0.204083
0.204735
0.205329
0.205865
0.206342
0.206759
0.207119
0.207423
0.207673
0.207873
0.208026
0.208139
0.208216
0.208263
0.208287
0.208295
0.208295
0.208295
0.208301
0.208322
0.208366
0.208440
0.208551
0.208705
0.208908
0.209165
0.209480
0.209855
0.210294
0.210796
0.211361
0.211989
0.212676
0.213419
0.214213
0.215054
0.215936
0.216851
0.217793
0.218754
0.219727
0.220703
0.221676
0.222637
0.223580
0.224497
0.225382
0.226229
0.227033
0.227790
0.228494
0.229144
0.229737
0.230271
0.230746
0.231161
0.231519
0.231820
0.232068
0.232265
0.232416
0.232527
0.232602
0.232648
0.232671
0.232679
0.232679
0.232678
0.232686
0.232709
0.232754
0.232830
0.232943
0.233100
0.233305
0.233565
0.233882
0.234260
0.234700
0.235204
0.235771
0.236400
0.237088
0.237831
0.238627
0.239468
0.240350
0.241265
0.242207
0.243168
0.244141
0.245117
0.246090
0.247051
0.247994
0.248911
0.249796
0.250643
0.251446
0.252202
0.252906
0.253554
0.254146
0.254679
0.255152
0.255565
0.255921
0.256220
0.256466
0.256661
0.256811
0.256920
0.256993
0.257038
0.257060
0.257068
0.257068
0.257068
0.257076
0.257100
0.257147
0.257225
0.257340
0.257498
0.257706
0.257967
0.258286
0.258666
0.259108
0.259613
0.260182
0.260811
0.261500
0.262244
0.263040
0.263882
0.264763
0.265679
0.266621
0.267582
0.268555
0.269531
0.270504
0.271465
0.272408
0.273325
0.274209
0.275056
0.275859
0.276614
0.277318
0.277966
0.278556
0.279087
0.279559
0.279971
0.280325
0.280623
0.280867
0.281061
0.281209
0.281316
0.281389
0.281432
0.281454
0.281461
0.281461
0.281462
0.281471
0.281495
0.281544
0.281623
0.281739
0.281899
0.282108
0.282371
0.282692
0.283073
0.283517
0.284024
0.284593
0.285223
0.285913
0.286658
0.287454
0.288295
0.289177
0.290093
0.291035
0.291996
0.292969
0.293945
0.294918
0.295879
0.296822
0.297739
0.298623
0.299470
0.300273
0.301027
0.301730
0.302377
0.302967
0.303497
0.303967
0.304379
0.304731
0.305027
0.305270
0.305462
0.305609
0.305715
0.305787
0.305830
0.305851
0.305858
0.305858
0.305859
0.305868
0.305894
0.305943
0.306023
0.306141
0.306302
0.306513
0.306777
0.307100
0.307482
0.307927
0.308434
0.309004
0.309636
0.310326
0.311071
0.311867
0.312709
0.313591
0.314507
0.315449
0.316410
0.317383
0.318359
0.319332
0.320293
0.321236
0.322153
0.323037
0.323883
0.324686
0.325440
0.326142
0.326789
0.327378
0.327907
0.328377
0.328787
0.329138
0.329433
0.329674
0.329866
0.330012
0.330117
0.330187
0.330230
0.330251
0.330257
0.330257
0.330258
0.330268
0.330294
0.330344
0.330425
0.330544
0.330707
0.330919
0.331185
0.331508
0.331891
0.332337
0.332845
0.333416
0.334048
0.334739
0.335484
0.336281
0.337123
0.338005
0.338921
0.339863
0.340824
0.341797
0.342773
0.343746
0.344707
0.345650
0.346567
0.347451
0.348297
0.349099
0.349853
0.350555
0.351201
0.351789
0.352318
0.352787
0.353196
0.353546
0.353840
0.354080
0.354271
0.354415
0.354520
0.354590
0.354632
0.354652
0.354659
0.354659
0.354660
0.354670
0.354697
0.354747
0.354829
0.354949
0.355113
0.355326
0.355593
0.355917
0.356301
0.356748
0.357257
0.357829
0.358461
0.359152
0.359898
0.360695
0.361537
0.362419
0.363335
0.364277
0.365238
0.366211
0.367187
0.368160
0.369121
0.370064
0.370981
0.371865
0.372711
0.373513
0.374267
0.374968
0.375613
0.376201
0.376729
0.377197
0.377605
0.377955
0.378248
0.378487
0.378677
0.378821
0.378924
0.378994
0.379035
0.379055
0.379061
0.379061
0.379063
0.379073
0.379101
0.379152
0.379235
0.379355
0.379520
0.379734
0.380001
0.380327
0.380712
0.381159
0.381669
0.382241
0.382874
0.383565
0.384311
0.385108
0.385951
0.386833
0.387749
0.388691
0.389652
0.390625
0.391602
0.392574
0.393535
0.394478
0.395395
0.396279
0.397125
0.397927
0.398680
0.399381
0.400026
0.400613
0.401141
0.401608
0.402015
0.402364
0.402657
0.402895
0.403084
0.403227
0.403330
0.403399
0.403440
0.403459
0.403466
0.403466
0.403467
0.403478
0.403506
0.403558
0.403641
0.403762
0.403928
0.404142
0.404411
0.404737
0.405123
0.405571
0.406081
0.406654
0.407287
0.407978
0.408725
0.409522
0.410365
0.411247
0.412163
0.413105
0.414066
0.415039
0.416016
0.416988
0.417950
0.418892
0.419809
0.420693
0.421538
0.422340
0.423093
0.423794
0.424439
0.425025
0.425552
0.426019
0.426426
0.426774
0.427066
0.427304
0.427492
0.427634
0.427737
0.427805
0.427845
0.427865
0.427871
0.427871
0.427873
0.427884
0.427912
0.427964
0.428048
0.428170
0.428336
0.428552
0.428821
0.429147
0.429534
0.429983
0.430493
0.431066
0.431700
0.432392
0.433139
0.433936
0.434779
0.435661
0.436577
0.437519
0.438480
0.439453
0.440430
0.441402
0.442364
0.443306
0.444223
0.445107
0.445952
0.446754
0.447507
0.448207
0.448852
0.449438
0.449964
0.450431
0.450837
0.451184
0.451475
0.451713
0.451900
0.452042
0.452144
0.452212
0.452252
0.452271
0.452277
0.452277
0.452279
0.452290
0.452319
0.452372
0.452456
0.452579
0.452745
0.452961
0.453231
0.453558
0.453946
0.454395
0.454906
0.455479
0.456113
0.456805
0.457552
0.458350
0.459193
0.460075
0.460991
0.461933
0.462894
0.463867
0.464844
0.465816
0.466778
0.467720
0.468637
0.469521
0.470366
0.471168
0.471920
0.472621
0.473265
0.473851
0.474377
0.474842
0.475248
0.475595
0.475885
0.476122
0.476309
0.476450
0.476552
0.476619
0.476659
0.476678
0.476684
0.476684
0.476686
0.476697
0.476726
0.476780
0.476864
0.476988
0.477155
0.477371
0.477642
0.477970
0.478357
0.478807
0.479319
0.479892
0.480527
0.481219
0.481966
0.482764
0.483607
0.484489
0.485405
0.486347
0.487308
0.488281
0.489258
0.490230
0.491192
0.492134
0.493051
0.493935
0.494780
0.495581
0.496334
0.497034
0.497678
0.498263
0.498789
0.499254
0.499660
0.500006
0.500296
0.500532
0.500718
0.500860
0.500961
0.501028
0.501067
0.501086
0.501092
0.501092
0.501094
0.501105
0.501134
0.501188
0.501274
0.501397
0.501565
0.501782
0.502053
0.502381
0.502769
0.503219
0.503731
0.504305
0.504940
0.505633
0.506380
0.507178
0.508021
0.508903
0.509819
0.510761
0.511723
0.512695
0.513672
0.514645
0.515606
0.516548
0.517465
0.518348
0.519194
0.519995
0.520748
0.521447
0.522091
0.522676
0.523202
0.523666
0.524071
0.524417
0.524707
0.524942
0.525128
0.525269
0.525370
0.525436
0.525476
0.525494
0.525500
0.525500
0.525502
0.525514
0.525543
0.525597
0.525683
0.525807
0.525975
0.526193
0.526464
0.526793
0.527181
0.527632
0.528144
0.528719
0.529353
0.530046
0.530794
0.531591
0.532435
0.533317
0.534233
0.535175
0.536137
0.537109
0.538086
0.539059
0.540020
0.540962
0.541879
0.542762
0.543608
0.544409
0.545161
0.545861
0.546504
0.547089
0.547614
0.548079
0.548483
0.548829
0.549118
0.549353
0.549539
0.549679
0.549779
0.549846
0.549885
0.549903
0.549909
0.549909
0.549911
0.549923
0.549952
0.550007
0.550093
0.550217
0.550386
0.550604
0.550876
0.551205
0.551594
0.552044
0.552557
0.553132
0.553767
0.554460
0.555207
0.556005
0.556848
0.557731
0.558647
0.559589
0.560551
0.561523
0.562500
0.563473
0.564434
0.565376
0.566293
0.567176
0.568022
0.568823
0.569575
0.570274
0.570917
0.571502
0.572027
0.572491
0.572895
0.573241
0.573529
0.573764
0.573949
0.574089
0.574189
0.574255
0.574294
0.574312
0.574318
0.574318
0.574320
0.574332
0.574362
0.574417
0.574503
0.574628
0.574797
0.575015
0.575287
0.575617
0.576006
0.576457
0.576970
0.577545
0.578180
0.578874
0.579621
0.580419
0.581262
0.582145
0.583061
0.584003
0.584965
0.585937
0.586914
0.587887
0.588848
0.589790
0.590707
0.591590
0.592436
0.593237
0.593989
0.594688
0.595331
0.595915
0.596440
0.596904
0.597308
0.597652
0.597941
0.598175
0.598360
0.598499
0.598599
0.598665
0.598704
0.598722
0.598727
0.598727
0.598730
0.598742
0.598772
0.598827
0.598913
0.599039
0.599208
0.599427
0.599699
0.600029
0.600419
0.600870
0.601384
0.601959
0.602594
0.603287
0.604035
0.604833
0.605676
0.606559
0.607475
0.608418
0.609379
0.610352
0.611328
0.612301
0.613262
0.614204
0.615121
0.616004
0.616849
0.617650
0.618402
0.619101
0.619744
0.620328
0.620853
0.621316
0.621720
0.622065
0.622352
0.622587
0.622771
0.622910
0.623010
0.623075
0.623114
0.623132
0.623137
0.623137
0.623140
0.623152
0.623182
0.623237
0.623324
0.623450
0.623619
0.623838
0.624111
0.624441
0.624831
0.625283
0.625797
0.626372
0.627008
0.627701
0.628449
0.629247
0.630090
0.630973
0.631889
0.632832
0.633793
0.634766
0.635742
0.636715
0.637676
0.638618
0.639535
0.640418
0.641263
0.642064
0.642816
0.643515
0.644158
0.644742
0.645266
0.645729
0.646132
0.646477
0.646764
0.646998
0.647182
0.647321
0.647420
0.647486
0.647524
0.647542
0.647547
0.647547
0.647550
0.647562
0.647593
0.647648
0.647735
0.647861
0.648031
0.648250
0.648523
0.648854
0.649244
0.649696
0.650210
0.650786
0.651421
0.652115
0.652863
0.653661
0.654504
0.655387
0.656303
0.657246
0.658207
0.659180
0.660156
0.661129
0.662090
0.663032
0.663949
0.664832
0.665677
0.666478
0.667230
0.667929
0.668571
0.669155
0.669679
0.670142
0.670545
0.670889
0.671176
0.671410
0.671594
0.671732
0.671831
0.671897
0.671935
0.671953
0.671958
0.671958
0.671960
0.671973
0.672003
0.672059
0.672146
0.672272
0.672443
0.672662
0.672936
0.673267
0.673657
0.674109
0.674623
0.675199
0.675835
0.676529
0.677277
0.678075
0.678918
0.679801
0.680717
0.681660
0.682621
0.683594
0.684570
0.685543
0.686504
0.687446
0.688363
0.689246
0.690091
0.690892
0.691644
0.692342
0.692985
0.693568
0.694092
0.694555
0.694958
0.695301
0.695588
0.695822
0.696005
0.696144
0.696243
0.696308
0.696346
0.696363
0.696369
0.696369
0.696371
0.696384
0.696414
0.696470
0.696558
0.696684
0.696854
0.697074
0.697348
0.697679
0.698070
0.698522
0.699037
0.699613
0.700249
0.700942
0.701690
0.702489
0.703332
0.704215
0.705131
0.706074
0.707035
0.708008
0.708984
0.709957
0.710918
0.711860
0.712777
0.713660
0.714505
0.715306
0.716057
0.716756
0.717398
0.717982
0.718505
0.718968
0.719370
0.719714
0.720001
0.720234
0.720417
0.720555
0.720654
0.720719
0.720757
0.720774
0.720779
0.720779
0.720782
0.720795
0.720826
0.720881
0.720969
0.721096
0.721266
0.721487
0.721761
0.722092
0.722483
0.722936
0.723450
0.724026
0.724662
0.725356
0.726104
0.726903
0.727746
0.728629
0.729545
0.730488
0.731449
0.732422
0.733398
0.734371
0.735332
0.736274
0.737191
0.738074
0.738919
0.739720
0.740471
0.741170
0.741812
0.742395
0.742918
0.743381
0.743783
0.744127
0.744413
0.744646
0.744829
0.744967
0.745065
0.745130
0.745168
0.745186
0.745191
0.745191
0.745193
0.745206
0.745237
0.745293
0.745381
0.745508
0.745679
0.745899
0.746173
0.746505
0.746896
0.747349
0.747863
0.748440
0.749076
0.749770
0.750518
0.751317
0.752160
0.753043
0.753959
0.754902
0.755863
0.756836
0.757812
0.758785
0.759746
0.760688
0.761605
0.762488
0.763333
0.764134
0.764885
0.765583
0.766225
0.766809
0.767332
0.767794
0.768196
0.768539
0.768826
0.769058
0.769241
0.769379
0.769477
0.769542
0.769579
0.769597
0.769602
0.769602
0.769604
0.769617
0.769648
0.769705
0.769793
0.769920
0.770091
0.770312
0.770586
0.770918
0.771309
0.771762
0.772277
0.772853
0.773490
0.774184
0.774932
0.775731
0.776574
0.777457
0.778374
0.779316
0.780277
0.781250
0.782226
0.783199
0.784160
0.785103
0.786019
0.786902
0.787747
0.788548
0.789299
0.789997
0.790639
0.791222
0.791745
0.792207
0.792609
0.792952
0.793238
0.793470
0.793653
0.793791
0.793889
0.793953
0.793991
0.794008
0.794013
0.794013
0.794016
0.794029
0.794060
0.794116
0.794205
0.794332
0.794503
0.794724
0.794999
0.795331
0.795722
0.796175
0.796690
0.797267
0.797903
0.798598
0.799346
0.800145
0.800988
0.801871
0.802788
0.803730
0.804691
0.805664
0.806641
0.807613
0.808574
0.809517
0.810433
0.811316
0.812161
0.812961
0.813713
0.814411
0.815053
0.815636
0.816158
0.816620
0.817022
0.817365
0.817651
0.817883
0.818065
0.818203
0.818301
0.818365
0.818402
0.818420
0.818425
0.818425
0.818427
0.818441
0.818472
0.818528
0.818617
0.818744
0.818916
0.819137
0.819412
0.819744
0.820136
0.820589
0.821104
0.821681
0.822317
0.823011
0.823760
0.824559
0.825402
0.826285
0.827202
0.828144
0.829105
0.830078
0.831055
0.832027
0.832988
0.833931
0.834847
0.835730
0.836575
0.837375
0.838127
0.838825
0.839466
0.840049
0.840572
0.841034
0.841435
0.841778
0.842063
0.842295
0.842478
0.842615
0.842713
0.842777
0.842814
0.842832
0.842836
0.842836
0.842839
0.842852
0.842884
0.842940
0.843029
0.843156
0.843328
0.843549
0.843824
0.844157
0.844549
0.845002
0.845517
0.846094
0.846731
0.847425
0.848174
0.848973
0.849816
0.850699
0.851616
0.852558
0.853519
0.854492
0.855469
0.856441
0.857402
0.858345
0.859261
0.860144
0.860989
0.861789
0.862540
0.863238
0.863880
0.864463
0.864985
0.865447
0.865848
0.866191
0.866476
0.866708
0.866890
0.867027
0.867125
0.867189
0.867226
0.867243
0.867248
0.867248
0.867251
0.867264
0.867296
0.867352
0.867441
0.867569
0.867741
0.867962
0.868237
0.868570
0.868962
0.869416
0.869931
0.870508
0.871145
0.871839
0.872588
0.873387
0.874230
0.875114
0.876030
0.876972
0.877933
0.878906
0.879883
0.880855
0.881816
0.882759
0.883675
0.884558
0.885403
0.886203
0.886954
0.887652
0.888294
0.888876
0.889399
0.889860
0.890261
0.890604
0.890889
0.891121
0.891303
0.891440
0.891537
0.891601
0.891638
0.891655
0.891660
0.891660
0.891663
0.891676
0.891708
0.891765
0.891854
0.891981
0.892153
0.892375
0.892650
0.892983
0.893375
0.893829
0.894345
0.894922
0.895559
0.896253
0.897002
0.897801
0.898644
0.899528
0.900444
0.901386
0.902347
0.903320
0.904297
0.905269
0.906231
0.907173
0.908089
0.908972
0.909817
0.910617
0.911368
0.912066
0.912707
0.913290
0.913812
0.914274
0.914675
0.915017
0.915302
0.915533
0.915715
0.915852
0.915949
0.916013
0.916050
0.916067
0.916072
0.916072
0.916075
0.916088
0.916120
0.916177
0.916266
0.916394
0.916566
0.916788
0.917063
0.917396
0.917789
0.918243
0.918758
0.919335
0.919972
0.920667
0.921416
0.922215
0.923058
0.923942
0.924858
0.925800
0.926761
0.927734
0.928711
0.929683
0.930645
0.931587
0.932503
0.933386
0.934231
0.935031
0.935782
0.936480
0.937121
0.937704
0.938226
0.938687
0.939088
0.939430
0.939715
0.939946
0.940128
0.940265
0.940362
0.940425
0.940462
0.940479
0.940484
0.940484
0.940487
0.940501
0.940532
0.940589
0.940679
0.940807
0.940979
0.941201
0.941477
0.941809
0.942202
0.942656
0.943172
0.943749
0.944386
0.945081
0.945830
0.946628
0.947472
0.948356
0.949272
0.950214
0.951176
0.952148
0.953125
0.954098
0.955059
0.956001
0.956917
0.957800
0.958645
0.959445
0.960196
0.960894
0.961535
0.962117
0.962639
0.963100
0.963501
0.963843
0.964128
0.964359
0.964541
0.964677
0.964774
0.964838
0.964875
0.964892
0.964896
0.964896
0.964899
0.964913
0.964945
0.965002
0.965091
0.965219
0.965392
0.965614
0.965890
0.966223
0.966616
0.967070
0.967586
0.968163
0.968800
0.969495
0.970244
0.971042
0.971886
0.972770
0.973686
0.974628
0.975590
0.976562
0.977539
0.978512
0.979473
0.980415
0.981331
0.982214
0.983059
0.983859
0.984610
0.985307
0.985949
0.986531
0.987053
0.987514
0.987914
0.988256
0.988541
0.988772
0.988953
0.989090
0.989187
0.989250
0.989287
0.989304
0.989309
0.989309
0.989312
0.989325
0.989357
0.989414
0.989504
0.989632
0.989805
0.990027
0.990303
0.990636
0.991029
0.991483
0.991999
0.992577
0.993214
0.993909
0.994657
0.995456
0.996300
0.997184
0.998100
0.999042
1.000004
1.000976
1.001953
1.002926
1.003887
1.004829
1.005745
1.006628
1.007473
1.008273
1.009024
1.009721
1.010362
1.010944
1.011466
1.011927
1.012328
1.012669
1.012954
1.013185
1.013366
1.013502
1.013599
1.013663
1.013699
1.013716
1.013721
1.013721
1.013724
1.013738
1.013770
1.013827
1.013916
1.014045
1.014218
1.014440
1.014716
1.015049
1.015442
1.015897
1.016413
1.016990
1.017628
1.018322
1.019071
1.019870
1.020714
1.021598
1.022514
1.023456
1.024418
1.025390
1.026367
1.027340
1.028301
1.029243
1.030159
1.031042
1.031887
1.032687
1.033438
1.034135
1.034776
1.035358
1.035880
1.036341
1.036741
1.037082
1.037367
1.037598
1.037779
1.037915
1.038012
1.038075
1.038112
1.038129
1.038133
1.038133
1.038136
1.038150
1.038182
1.038239
1.038329
1.038458
1.038631
1.038853
1.039129
1.039463
1.039856
1.040310
1.040827
1.041404
1.042041
1.042736
1.043485
1.044284
1.045128
1.046012
1.046928
1.047870
1.048832
1.049805
1.050781
1.051754
1.052715
1.053657
1.054573
1.055456
1.056301
1.057101
1.057852
1.058549
1.059190
1.059772
1.060293
1.060754
1.061155
1.061496
1.061780
1.062011
1.062192
1.062328
1.062425
1.062488
1.062524
1.062541
1.062546
1.062546
1.062549
1.062563
1.062595
1.062652
1.062742
1.062871
1.063044
1.063266
1.063543
1.063876
1.064269
1.064724
1.065240
1.065818
1.066455
1.067150
1.067899
1.068698
1.069542
1.070426
1.071342
1.072284
1.073246
1.074219
1.075195
1.076168
1.077129
1.078071
1.078987
1.079870
1.080715
1.081515
1.082265
1.082963
1.083604
1.084186
1.084707
1.085168
1.085568
1.085909
1.086193
1.086424
1.086605
1.086741
1.086837
1.086900
1.086937
1.086954
1.086958
1.086958
1.086961
1.086975
1.087007
1.087065
1.087155
1.087283
1.087457
1.087679
1.087956
1.088290
1.088683
1.089138
1.089654
1.090232
1.090869
1.091564
1.092313
1.093112
1.093956
1.094840
1.095756
1.096698
1.097660
1.098633
1.099609
1.100582
1.101543
1.102485
1.103401
1.104284
1.105129
1.105929
1.106679
1.107377
1.108017
1.108599
1.109121
1.109581
1.109981
1.110322
1.110606
1.110837
1.111018
1.111154
1.111250
1.111313
1.111350
1.111366
1.111371
1.111371
1.111374
1.111388
1.111420
1.111478
1.111568
1.111696
1.111870
1.112093
1.112369
1.112703
1.113096
1.113551
1.114068
1.114645
1.115283
1.115978
1.116727
1.117526
1.118370
1.119254
1.120170
1.121113
1.122074
1.123047
1.124023
1.124996
1.125957
1.126899
1.127815
1.128698
1.129543
1.130343
1.131093
1.131791
1.132431
1.133013
1.133534
1.133995
1.134395
1.134736
1.135020
1.135250
1.135431
1.135567
1.135663
1.135726
1.135762
1.135779
1.135784
1.135784
1.135787
1.135801
1.135833
1.135891
1.135981
1.136109
1.136283
1.136506
1.136782
1.137116
1.137510
1.137965
1.138481
1.139059
1.139697
1.140392
1.141141
1.141940
1.142784
1.143668
1.144584
1.145527
1.146488
1.147461
1.148437
1.149410
1.150371
1.151313
1.152229
1.153112
1.153957
1.154757
1.155507
1.156204
1.156845
1.157427
1.157948
1.158408
1.158808
1.159149
1.159433
1.159663
1.159844
1.159980
1.160076
1.160139
1.160175
1.160192
1.160196
1.160196
1.160199
1.160213
1.160246
1.160303
1.160394
1.160523
1.160696
1.160919
1.161196
1.161530
1.161924
1.162378
1.162895
1.163473
1.164111
1.164806
1.165555
1.166354
1.167198
1.168082
1.168998
1.169941
1.170902
1.171875
1.172851
1.173824
1.174785
1.175727
1.176643
1.177526
1.178371
1.179171
1.179921
1.180618
1.181259
1.181840
1.182362
1.182822
1.183222
1.183562
1.183846
1.184076
1.184257
1.184392
1.184489
1.184552
1.184588
1.184605
1.184609
1.184609
1.184612
1.184626
1.184658
1.184716
1.184807
1.184936
1.185109
1.185332
1.185609
1.185943
1.186337
1.186792
1.187309
1.187887
1.188525
1.189220
1.189969
1.190768
1.191612
1.192496
1.193412
1.194355
1.195316
1.196289
1.197265
1.198238
1.199199
1.200141
1.201057
1.201940
1.202785
1.203584
1.204335
1.205032
1.205673
1.206254
1.206775
1.207236
1.207635
1.207976
1.208260
1.208490
1.208670
1.208806
1.208902
1.208964
1.209001
1.209017
1.209022
1.209022
1.209025
1.209039
1.209071
1.209129
1.209220
1.209349
1.209522
1.209746
1.210023
1.210357
1.210751
1.211206
1.211723
1.212301
1.212938
1.213634
1.214383
1.215182
1.216026
1.216910
1.217826
1.218769
1.219730
1.220703
1.221679
1.222652
1.223613
1.224555
1.225471
1.226354
1.227199
1.227998
1.228749
1.229446
1.230086
1.230668
1.231189
1.231649
1.232049
1.232389
1.232673
1.232903
1.233083
1.233219
1.233315
1.233377
1.233414
1.233430
1.233435
1.233435
1.233438
1.233452
1.233484
1.233542
1.233633
1.233762
1.233936
1.234159
1.234436
1.234770
1.235164
1.235619
1.236136
1.236714
1.237352
1.238048
1.238797
1.239596
1.240440
1.241324
1.242240
1.243183
1.244144
1.245117
1.246093
1.247066
1.248027
1.248969
1.249885
1.250768
1.251613
1.252412
1.253163
1.253860
1.253276
1.252653
1.251995
1.251309
1.250601
1.249879
1.249149
1.248419
1.247695
1.246986
1.246299
1.245640
1.245017
1.244436
1.243904
1.243426
1.243009
1.242656
1.242372
1.242162
1.242027
1.241971
1.241994
1.242098
1.242284
1.242550
1.242895
1.243318
1.243815
1.244383
1.245019
1.245716
1.246471
1.247278
1.248130
1.249021
1.249944
1.250891
1.251856
1.252830
1.253806
1.254777
1.255734
1.256671
1.257580
1.258454
1.259287
1.260071
1.260802
1.261475
1.262083
1.262624
1.263093
1.263487
1.263805
1.264045
1.264205
1.264286
1.264288
1.264212
1.264061
1.263836
1.263542
1.263181
1.262758
1.262278
1.261746
1.261169
1.260552
1.259902
1.259225
1.258528
1.257819
1.257105
1.256391
1.255686
1.254997
1.254329
1.253689
1.253083
1.252516
1.251994
1.251521
1.251100
1.250736
1.250430
1.250185
1.250001
1.249880
1.249821
1.249822
1.249883
1.250000
1.250170
1.250389
1.250652
1.250954
1.251289
1.251649
1.252029
1.252419
1.252813
1.253201
1.253576
1.253927
1.254247
1.254526
1.254756
1.254927
1.255031
1.255059
1.255003
1.254857
1.254613
1.254264
1.253804
1.253229
1.252534
1.251715
1.250770
1.249697
1.248494
1.247162
1.245701
1.244113
1.242400
1.240567
1.238617
1.236556
1.234389
1.232124
1.229768
1.227329
1.224816
1.222238
1.219604
1.216926
1.214213
1.211477
1.208727
1.205976
1.203234
1.200511
1.197819
1.195167
1.192567
1.190028
1.187558
1.185167
1.182863
1.180654
1.178546
1.176545
1.174656
1.172885
1.171234
1.169707
1.168305
1.167030
1.165881
1.164859
1.163961
1.163186
1.162530
1.161989
1.161559
1.161234
1.161010
1.160878
1.160833
1.160867
1.160973
1.161141
1.161365
1.161635
1.161943
1.162280
1.162638
1.163009
1.163384
1.163755
1.164116
1.164457
1.164774
1.165059
1.165307
1.165512
1.165671
1.165779
1.165834
1.165832
1.165773
1.165655
1.165478
1.165243
1.164950
1.164603
1.164203
1.163754
1.163260
1.162725
1.162154
1.161552
1.160926
1.160281
1.159624
1.158962
1.158301
1.157649
1.157011
1.156396
1.155809
1.155257
1.154746
1.154283
1.153872
1.153519
1.153228
1.153003
1.152847
1.152764
1.152756
1.152823
1.152968
1.153189
1.153487
1.153859
1.154305
1.154822
1.155406
1.156053
1.156760
1.157521
1.158330
1.159183
1.160072
1.160991
1.161934
1.162893
1.163861
1.164831
1.165796
1.166749
1.167682
1.168588
1.169462
1.170296
1.171085
1.171824
1.172506
1.173129
1.173687
1.174177
1.174596
1.174943
1.175215
1.175412
1.175534
1.175580
1.175552
1.175452
1.175282
1.175044
1.174743
1.174383
1.173968
1.173502
1.172992
1.172443
1.171862
1.171253
1.170625
1.169983
1.169334
1.168685
1.168042
1.167412
1.166800
1.166213
1.165657
1.165135
1.164654
1.164218
1.163830
1.163493
1.163210
1.162983
1.162813
1.162701
1.162646
1.162647
1.162704
1.162813
1.162972
1.163177
1.163423
1.163706
1.164020
1.164360
1.164717
1.165087
1.165460
1.165830
1.166188
1.166526
1.166836
1.167110
1.167339
1.167516
1.167632
1.167679
1.167650
1.167539
1.167338
1.167042
1.166644
1.166141
1.165529
1.164803
1.163961
1.163001
1.161923
1.160726
1.159410
1.157978
1.156432
1.154774
1.153009
1.151141
1.149176
1.147120
1.144981
1.142764
1.140479
1.138135
1.135739
1.133301
1.130832
1.128340
1.125836
1.123330
1.120832
1.118352
1.115900
1.113485
1.111117
1.108804
1.106556
1.104380
1.102284
1.100274
1.098358
1.096540
1.094826
1.093219
1.091723
1.090341
1.089074
1.087924
1.086890
1.085972
1.085168
1.084477
1.083895
1.083419
1.083045
1.082767
1.082581
1.082480
1.082458
1.082508
1.082622
1.082795
1.083017
1.083281
1.083579
1.083903
1.084245
1.084598
1.084954
1.085305
1.085645
1.085967
1.086265
1.086532
1.086764
1.086957
1.087105
1.087206
1.087257
1.087256
1.087200
1.087090
1.086926
1.086707
1.086436
1.086113
1.085743
1.085327
1.084870
1.084376
1.083850
1.083296
1.082720
1.082128
1.081526
1.080921
1.080318
1.079725
1.079147
1.078591
1.078063
1.077569
1.077116
1.076708
1.076351
1.076049
1.075806
1.075627
1.075515
1.075471
1.075499
1.075599
1.075772
1.076018
1.076337
1.076727
1.077186
1.077713
1.078304
1.078955
1.079661
1.080420
1.081224
1.082070
1.082950
1.083859
1.084789
1.085736
1.086691
1.087648
1.088600
1.089540
1.090462
1.091359
1.092224
1.093053
1.093838
1.094576
1.095261
1.095888
1.096454
1.096956
1.097391
1.097756
1.098051
1.098273
1.098424
1.098503
1.098512
1.098451
1.098324
1.098132
1.097879
1.097569
1.097206
1.096794
1.096340
1.095847
1.095322
1.094771
1.094199
1.093614
1.093020
1.092425
1.091834
1.091254
1.090690
1.090148
1.089634
1.089151
1.088706
1.088301
1.087940
1.087627
1.087364
1.087153
1.086995
1.086890
1.086839
1.086840
1.086893
1.086996
1.087145
1.087337
1.087569
1.087835
1.088131
1.088452
1.088790
1.089140
1.089495
1.089847
1.090189
1.090515
1.090815
1.091083
1.091310
1.091489
1.091613
1.091674
1.091666
1.091582
1.091416
1.091162
1.090815
1.090371
1.089826
1.089176
1.088420
1.087554
1.086579
1.085495
1.084301
1.082999
1.081590
1.080079
1.078469
1.076764
1.074968
1.073088
1.071131
1.069102
1.067009
1.064861
1.062666
1.060431
1.058167
1.055881
1.053585
1.051286
1.048994
1.046718
1.044468
1.042253
1.040081
1.037960
1.035898
1.033903
1.031982
1.030141
1.028387
1.026723
1.025155
1.023687
1.022322
1.021061
1.019908
1.018861
1.017923
1.017092
1.016366
1.015745
1.015224
1.014802
1.014473
1.014233
1.014077
1.014000
1.013996
1.014058
1.014179
1.014353
1.014572
1.014829
1.015117
1.015429
1.015756
1.016093
1.016431
1.016764
1.017086
1.017390
1.017671
1.017923
1.018141
1.018322
1.018462
1.018556
1.018604
1.018602
1.018550
1.018447
1.018293
1.018089
1.017836
1.017536
1.017190
1.016804
1.016379
1.015920
1.015431
1.014918
1.014386
1.013839
1.013284
1.012727
1.012173
1.011629
1.011101
1.010595
1.010116
1.009671
1.009265
1.008903
1.008590
1.008329
1.008126
1.007984
1.007905
1.007892
1.007947
1.008071
1.008264
1.008527
1.008860
1.009260
1.009727
1.010257
1.010848
1.011496
1.012198
1.012948
1.013743
1.014576
1.015442
1.016336
1.017251
1.018180
1.019117
1.020057
1.020992
1.021915
1.022822
1.023704
1.024557
1.025375
1.026152
1.026883
1.027564
1.028190
1.028758
1.029265
1.029708
1.030085
1.030395
1.030636
1.030808
1.030912
1.030948
1.030919
1.030825
1.030669
1.030455
1.030186
1.029866
1.029499
1.029091
1.028645
1.028168
1.027664
1.027141
1.026603
1.026056
1.025507
1.024961
1.024424
1.023901
1.023398
1.022920
1.022471
1.022056
1.021679
1.021342
1.021050
1.020804
1.020606
1.020458
1.020360
1.020312
1.020314
1.020363
1.020460
1.020600
1.020781
1.021000
1.021252
1.021532
1.021835
1.022156
1.022489
1.022826
1.023163
1.023491
1.023804
1.024094
1.024355
1.024579
1.024759
1.024888
1.024960
1.024967
1.024905
1.024767
1.024547
1.024242
1.023847
1.023357
1.022771
1.022086
1.021300
1.020412
1.019422
1.018330
1.017138
1.015848
1.014461
1.012982
1.011414
1.009763
1.008033
1.006230
1.004361
1.002432
1.000452
0.998427
0.996366
0.994276
0.992167
0.990047
0.987925
0.985810
0.983709
0.981632
0.979587
0.977582
0.975625
0.973722
0.971882
0.970111
0.968414
0.966797
0.965265
0.963822
0.962471
0.961217
0.960060
0.959002
0.958044
0.957187
0.956429
0.955769
0.955206
0.954737
0.954359
0.954067
0.953859
0.953728
0.953670
0.953679
0.953750
0.953875
0.954049
0.954264
0.954515
0.954793
0.955092
0.955406
0.955727
0.956049
0.956366
0.956671
0.956959
0.957225
0.957463
0.957670
0.957841
0.957972
0.958061
0.958106
0.958104
0.958055
0.957958
0.957814
0.957622
0.957385
0.957103
0.956780
0.956419
0.956022
0.955594
0.955138
0.954660
0.954165
0.953657
0.953142
0.952626
0.952115
0.951613
0.951128
0.950664
0.950227
0.949823
0.949456
0.949132
0.948855
0.948629
0.948458
0.948344
0.948292
0.948303
0.948379
0.948521
0.948729
0.949004
0.949344
0.949750
0.950218
0.950748
0.951335
0.951977
0.952669
0.953409
0.954190
0.955008
0.955857
0.956733
0.957629
0.958538
0.959456
0.960375
0.961290
0.962195
0.963083
0.963948
0.964785
0.965589
0.966353
0.967075
0.967748
0.968369
0.968935
0.969443
0.969889
0.970273
0.970592
0.970846
0.971034
0.971156
0.971214
0.971209
0.971142
0.971016
0.970834
0.970599
0.970314
0.969985
0.969615
0.969209
0.968772
0.968310
0.967827
0.967330
0.966824
0.966315
0.965807
0.965307
0.964820
0.964351
0.963904
0.963484
0.963096
0.962742
0.962427
0.962153
0.961922
0.961736
0.961597
0.961505
0.961460
0.961461
0.961509
0.961600
0.961732
0.961904
0.962111
0.962349
0.962615
0.962903
0.963208
0.963524
0.963847
0.964168
0.964483
0.964784
0.965065
0.965318
0.965538
0.965718
0.965850
0.965930
0.965950
0.965905
0.965789
0.965598
0.965328
0.964973
0.964531
0.963999
0.963374
0.962655
0.961841
0.960932
0.959928
0.958829
0.957639
0.956359
0.954993
0.953544
0.952016
0.950414
0.948745
0.947013
0.945226
0.943390
0.941512
0.939600
0.937662
0.935705
0.933738
0.931768
0.929805
0.927855
0.925927
0.924029
0.922169
0.920353
0.918588
0.916881
0.915239
0.913666
0.912168
0.910749
0.909413
0.908164
0.907004
0.905936
0.904961
0.904078
0.903290
0.902595
0.901991
0.901478
0.901052
0.900711
0.900451
0.900268
0.900158
0.900116
0.900136
0.900213
0.900340
0.900513
0.900724
0.900967
0.901236
0.901524
0.901825
0.902132
0.902439
0.902741
0.903032
0.903305
0.903558
0.903784
0.903979
0.904140
0.904265
0.904349
0.904391
0.904389
0.904343
0.904252
0.904116
0.903935
0.903712
0.903447
0.903143
0.902804
0.902431
0.902030
0.901603
0.901156
0.900693
0.900219
0.899739
0.899259
0.898784
0.898319
0.897870
0.897443
0.897042
0.896672
0.896339
0.896047
0.895800
0.895602
0.895457
0.895368
0.895337
0.895367
0.895459
0.895614
0.895832
0.896114
0.896459
0.896866
0.897334
0.897859
0.898440
0.899072
0.899754
0.900480
0.901245
0.902046
0.902877
0.903733
0.904608
0.905497
0.906393
0.907291
0.908185
0.909069
0.909937
0.910783
0.911603
0.912390
0.913141
0.913850
0.914513
0.915127
0.915687
0.916192
0.916639
0.917025
0.917350
0.917612
0.917811
0.917948
0.918023
0.918037
0.917992
0.917890
0.917734
0.917527
0.917273
0.916975
0.916638
0.916266
0.915864
0.915437
0.914990
0.914528
0.914057
0.913582
0.913108
0.912641
0.912185
0.911745
0.911326
0.910932
0.910567
0.910235
0.909938
0.909680
0.909463
0.909288
0.909156
0.909069
0.909027
0.909028
0.909073
0.909159
0.909285
0.909448
0.909644
0.909871
0.910123
0.910397
0.910688
0.910990
0.911298
0.911606
0.911908
0.912198
0.912470
0.912716
0.912932
0.913110
0.913244
0.913329
0.913359
0.913328
0.913231
0.913064
0.912822
0.912502
0.912100
0.911614
0.911041
0.910379
0.909629
0.908789
0.907860
0.906843
0.905740
0.904552
0.903284
0.901937
0.900517
0.899027
0.897473
0.895861
0.894197
0.892486
0.890736
0.888954
0.887148
0.885323
0.883489
0.881652
0.879821
0.878003
0.876205
0.874436
0.872701
0.871008
0.869363
0.867772
0.866242
0.864777
0.863382
0.862061
0.860819
0.859658
0.858581
0.857590
0.856685
0.855868
0.855140
0.854498
0.853943
0.853472
0.853083
0.852774
0.852541
0.852379
0.852286
0.852257
0.852285
0.852367
0.852496
0.852666
0.852873
0.853109
0.853369
0.853646
0.853934
0.854229
0.854523
0.854811
0.855088
0.855349
0.855588
0.855803
0.855989
0.856142
0.856260
0.856339
0.856379
0.856378
0.856334
0.856247
0.856119
0.855948
0.855737
0.855487
0.855201
0.854881
0.854530
0.854152
0.853751
0.853331
0.852897
0.852452
0.852003
0.851554
0.851111
0.850678
0.850261
0.849865
0.849494
0.849154
0.848850
0.848585
0.848364
0.848190
0.848067
0.847997
0.847984
0.848028
0.848132
0.848297
0.848522
0.848809
0.849155
0.849561
0.850025
0.850544
0.851116
0.851739
0.852407
0.853118
0.853867
0.854650
0.855462
0.856298
0.857151
0.858018
0.858892
0.859768
0.860640
0.861502
0.862349
0.863176
0.863977
0.864747
0.865482
0.866178
0.866829
0.867433
0.867987
0.868487
0.868931
0.869318
0.869645
0.869913
0.870120
0.870267
0.870355
0.870384
0.870357
0.870275
0.870141
0.869958
0.869729
0.869459
0.869150
0.868807
0.868435
0.868038
0.867622
0.867192
0.866752
0.866307
0.865863
0.865424
0.864996
0.864582
0.864187
0.863816
0.863472
0.863159
0.862878
0.862635
0.862429
0.862264
0.862139
0.862057
0.862017
0.862018
0.862061
0.862143
0.862262
0.862417
0.862604
0.862820
0.863060
0.863322
0.863600
0.863889
0.864184
0.864479
0.864769
0.865049
0.865311
0.865551
0.865761
0.865937
0.866072
0.866161
0.866199
0.866179
0.866098
0.865951
0.865734
0.865443
0.865076
0.864629
0.864100
0.863489
0.862794
0.862014
0.861151
0.860205
0.859177
0.858070
0.856887
0.855630
0.854303
0.852911
0.851459
0.849952
0.848395
0.846795
0.845157
0.843489
0.841798
0.840090
0.838372
0.836652
0.834938
0.833235
0.831552
0.829894
0.828270
0.826685
0.825145
0.823656
0.822224
0.820854
0.819550
0.818316
0.817155
0.816071
0.815066
0.814142
0.813299
0.812540
0.811863
0.811268
0.810755
0.810321
0.809964
0.809682
0.809471
0.809328
0.809249
0.809230
0.809265
0.809350
0.809479
0.809648
0.809849
0.810078
0.810329
0.810597
0.810874
0.811156
0.811438
0.811714
0.811978
0.812227
0.812456
0.812661
0.812837
0.812983
0.813095
0.813171
0.813208
0.813207
0.813165
0.813083
0.812961
0.812799
0.812599
0.812363
0.812092
0.811789
0.811458
0.811101
0.810722
0.810326
0.809917
0.809499
0.809077
0.808656
0.808240
0.807835
0.807446
0.807077
0.806733
0.806419
0.806140
0.805898
0.805699
0.805545
0.805440
0.805387
0.805387
0.805444
0.805557
0.805729
0.805959
0.806247
0.806593
0.806997
0.807455
0.807967
0.808529
0.809139
0.809794
0.810489
0.811222
0.811986
0.812778
0.813593
0.814425
0.815270
0.816122
0.816975
0.817825
0.818666
0.819492
0.820298
0.821080
0.821833
0.822552
0.823233
0.823872
0.824465
0.825010
0.825504
0.825944
0.826329
0.826657
0.826927
0.827140
0.827295
0.827393
0.827435
0.827422
0.827357
0.827242
0.827079
0.826872
0.826624
0.826340
0.826022
0.825677
0.825307
0.824918
0.824515
0.824102
0.823684
0.823266
0.822853
0.822448
0.822058
0.821685
0.821335
0.821009
0.820712
0.820447
0.820216
0.820021
0.819864
0.819746
0.819668
0.819630
0.819632
0.819672
0.819750
0.819864
0.820012
0.820190
0.820396
0.820626
0.820876
0.821142
0.821418
0.821701
0.821985
0.822264
0.822534
0.822788
0.823020
0.823226
0.823399
0.823534
0.823626
0.823670
0.823660
0.823592
0.823462
0.823266
0.823000
0.822662
0.822250
0.821760
0.821192
0.820545
0.819819
0.819013
0.818129
0.817168
0.816132
0.815023
0.813845
0.812602
0.811296
0.809933
0.808518
0.807057
0.805554
0.804016
0.802448
0.800859
0.799254
0.797640
0.796023
0.794411
0.792811
0.791228
0.789671
0.788144
0.786654
0.785208
0.783809
0.782464
0.781178
0.779953
0.778795
0.777707
0.776691
0.775749
0.774884
0.774097
0.773387
0.772756
0.772202
0.771725
0.771323
0.770994
0.770735
0.770544
0.770417
0.770350
0.770339
0.770379
0.770467
0.770596
0.770761
0.770958
0.771180
0.771423
0.771681
0.771948
0.772219
0.772489
0.772754
0.773007
0.773245
0.773464
0.773659
0.773828
0.773967
0.774073
0.774145
0.774181
0.774179
0.774140
0.774062
0.773945
0.773792
0.773602
0.773377
0.773120
0.772833
0.772519
0.772181
0.771823
0.771448
0.771061
0.770667
0.770269
0.769872
0.769481
0.769101
0.768736
0.768391
0.768071
0.767780
0.767521
0.767300
0.767120
0.766983
0.766894
0.766854
0.766866
0.766931
0.767052
0.767228
0.767461
0.767750
0.768094
0.768493
0.768945
0.769449
0.770000
0.770598
0.771239
0.771918
0.772633
0.773379
0.774151
0.774945
0.775756
0.776579
0.777409
0.778241
0.779068
0.779887
0.780693
0.781479
0.782242
0.782977
0.783679
0.784345
0.784971
0.785553
0.786088
0.786574
0.787009
0.787391
0.787718
0.787990
0.788206
0.788367
0.788473
0.788525
0.788524
0.788473
0.788373
0.788227
0.788039
0.787812
0.787549
0.787254
0.786931
0.786585
0.786220
0.785841
0.785452
0.785058
0.784663
0.784273
0.783891
0.783521
0.783168
0.782835
0.782526
0.782245
0.781993
0.781773
0.781588
0.781439
0.781327
0.781252
0.781216
0.781218
0.781256
0.781331
0.781440
0.781581
0.781751
0.781948
0.782168
0.782408
0.782663
0.782928
0.783200
0.783473
0.783742
0.784002
0.784248
0.784474
0.784675
0.784845
0.784980
0.785074
0.785122
0.785120
0.785063
0.784947
0.784769
0.784526
0.784214
0.783831
0.783375
0.782846
0.782241
0.781561
0.780806
0.779977
0.779075
0.778102
0.777060
0.775952
0.774782
0.773553
0.772270
0.770937
0.769560
0.768143
0.766694
0.765216
0.763718
0.762204
0.760682
0.759157
0.757637
0.756128
0.754635
0.753166
0.751726
0.750322
0.748958
0.747640
0.746372
0.745160
0.744007
0.742916
0.741892
0.740936
0.740051
0.739239
0.738499
0.737834
0.737243
0.736725
0.736280
0.735906
0.735602
0.735363
0.735189
0.735075
0.735019
0.735015
0.735060
0.735148
0.735277
0.735439
0.735631
0.735847
0.736082
0.736331
0.736588
0.736849
0.737109
0.737362
0.737605
0.737833
0.738043
0.738229
0.738391
0.738524
0.738625
0.738694
0.738728
0.738727
0.738689
0.738614
0.738503
0.738357
0.738176
0.737962
0.737717
0.737444
0.737146
0.736825
0.736485
0.736130
0.735763
0.735390
0.735013
0.734638
0.734269
0.733911
0.733568
0.733244
0.732945
0.732673
0.732434
0.732230
0.732066
0.731944
0.731868
0.731839
0.731861
0.731934
0.732060
0.732240
0.732474
0.732762
0.733103
0.733497
0.733942
0.734436
0.734977
0.735562
0.736188
0.736851
0.737549
0.738276
0.739029
0.739803
0.740593
0.741395
0.742203
0.743012
0.743819
0.744616
0.745401
0.746168
0.746912
0.747629
0.748315
0.748965
0.749577
0.750148
0.750673
0.751151
0.751580
0.751957
0.752282
0.752554
0.752773
0.752938
0.753050
0.753110
0.753119
0.753079
0.752993
0.752862
0.752691
0.752481
0.752236
0.751961
0.751659
0.751334
0.750990
0.750633
0.750265
0.749892
0.749519
0.749149
0.748786
0.748435
0.748100
0.747784
0.747490
0.747222
0.746982
0.746773
0.746596
0.746454
0.746347
0.746276
0.746242
0.746244
0.746281
0.746352
0.746456
0.746591
0.746754
0.746943
0.747154
0.747384
0.747629
0.747884
0.748145
0.748408
0.748668
0.748919
0.749157
0.749377
0.749573
0.749740
0.749874
0.749969
0.750021
0.750025
0.749977
0.749874
0.749712
0.749488
0.749199
0.748842
0.748417
0.747921
0.747354
0.746716
0.746006
0.745225
0.744376
0.743458
0.742476
0.741430
0.740326
0.739165
0.737953
0.736694
0.735392
0.734054
0.732683
0.731286
0.729869
0.728437
0.726997
0.725555
0.724117
0.722689
0.721277
0.719888
0.718526
0.717197
0.715907
0.714661
0.713463
0.712317
0.711228
0.710198
0.709231
0.708329
0.707494
0.706728
0.706032
0.705406
0.704851
0.704365
0.703949
0.703600
0.703316
0.703096
0.702937
0.702834
0.702786
0.702788
0.702836
0.702926
0.703053
0.703213
0.703400
0.703610
0.703837
0.704078
0.704326
0.704577
0.704827
0.705071
0.705304
0.705523
0.705724
0.705903
0.706057
0.706185
0.706282
0.706348
0.706380
0.706379
0.706342
0.706271
0.706165
0.706025
0.705852
0.705648
0.705415
0.705155
0.704870
0.704565
0.704241
0.703904
0.703555
0.703200
0.702843
0.702488
0.702139
0.701800
0.701477
0.701172
0.700891
0.700637
0.700414
0.700226
0.700076
0.699967
0.699902
0.699883
0.699912
0.699991
0.700121
0.700303
0.700537
0.700823
0.701161
0.701549
0.701986
0.702471
0.703000
0.703572
0.704184
0.704832
0.705513
0.706222
0.706955
0.707709
0.708479
0.709260
0.710047
0.710835
0.711621
0.712398
0.713162
0.713909
0.714635
0.715334
0.716004
0.716640
0.717238
0.717796
0.718311
0.718781
0.719203
0.719576
0.719898
0.720169
0.720388
0.720556
0.720672
0.720739
0.720756
0.720727
0.720652
0.720534
0.720377
0.720182
0.719955
0.719697
0.719413
0.719106
0.718782
0.718444
0.718096
0.717742
0.717387
0.717036
0.716691
0.716357
0.716037
0.715736
0.715456
0.715201
0.714972
0.714772
0.714604
0.714468
0.714366
0.714298
0.714265
0.714267
0.714302
0.714371
0.714470
0.714600
0.714757
0.714938
0.715141
0.715361
0.715597
0.715842
0.716094
0.716348
0.716599
0.716842
0.717072
0.717286
0.717477
0.717641
0.717773
0.717869
0.717924
0.717933
0.717894
0.717802
0.717654
0.717446
0.717177
0.716844
0.716445
0.715979
0.715446
0.714844
0.714175
0.713438
0.712636
0.711768
0.710839
0.709850
0.708804
0.707705
0.706557
0.705364
0.704130
0.702861
0.701561
0.700237
0.698893
0.697535
0.696169
0.694801
0.693437
0.692083
0.690743
0.689425
0.688134
0.686874
0.685651
0.684469
0.683333
0.682247
0.681215
0.680240
0.679324
0.678471
0.677681
0.676957
0.676299
0.675709
0.675185
0.674729
0.674337
0.674010
0.673746
0.673542
0.673395
0.673303
0.673262
0.673269
0.673320
0.673410
0.673536
0.673692
0.673874
0.674078
0.674299
0.674531
0.674771
0.675014
0.675254
0.675489
0.675713
0.675924
0.676117
0.676289
0.676437
0.676559
0.676652
0.676715
0.676746
0.676745
0.676710
0.676642
0.676540
0.676406
0.676241
0.676046
0.675823
0.675574
0.675303
0.675011
0.674703
0.674381
0.674049
0.673711
0.673371
0.673034
0.672703
0.672382
0.672076
0.671788
0.671523
0.671285
0.671077
0.670902
0.670764
0.670666
0.670611
0.670600
0.670636
0.670719
0.670853
0.671036
0.671269
0.671552
0.671886
0.672268
0.672697
0.673172
0.673690
0.674250
0.674847
0.675480
0.676143
0.676835
0.677550
0.678285
0.679034
0.679795
0.680561
0.681329
0.682094
0.682852
0.683596
0.684325
0.685032
0.685714
0.686368
0.686989
0.687574
0.688120
0.688625
0.689085
0.689500
0.689867
0.690186
0.690455
0.690675
0.690844
0.690964
0.691036
0.691060
0.691039
0.690974
0.690868
0.690723
0.690543
0.690330
0.690087
0.689819
0.689530
0.689223
0.688902
0.688571
0.688235
0.687898
0.687563
0.687234
0.686915
0.686610
0.686323
0.686055
0.685811
0.685592
0.685401
0.685240
0.685110
0.685012
0.684947
0.684916
0.684917
0.684952
0.685017
0.685113
0.685238
0.685388
0.685563
0.685758
0.685970
0.686197
0.686434
0.686677
0.686922
0.687164
0.687399
0.687623
0.687830
0.688017
0.688178
0.688308
0.688404
0.688461
0.688476
0.688443
0.688361
0.688224
0.688032
0.687780
0.687468
0.687093
0.686654
0.686151
0.685583
0.684949
0.684252
0.683492
0.682670
0.681788
0.680850
0.679857
0.678814
0.677723
0.676590
0.675418
0.674212
0.672976
0.671717
0.670439
0.669148
0.667849
0.666549
0.665251
0.663963
0.662690
0.661437
0.660208
0.659011
0.657848
0.656725
0.655645
0.654614
0.653633
0.652707
0.651838
0.651028
0.650279
0.649593
0.648970
0.648411
0.647916
0.647485
0.647117
0.646809
0.646562
0.646371
0.646236
0.646153
0.646119
0.646130
0.646183
0.646273
0.646397
0.646550
0.646728
0.646926
0.647140
0.647365
0.647597
0.647831
0.648063
0.648289
0.648506
0.648708
0.648894
0.649059
0.649202
0.649319
0.649409
0.649469
0.649499
0.649497
0.649464
0.649398
0.649301
0.649172
0.649014
0.648827
0.648614
0.648376
0.648116
0.647837
0.647542
0.647234
0.646918
0.646595
0.646272
0.645950
0.645635
0.645330
0.645040
0.644767
0.644517
0.644293
0.644098
0.643935
0.643809
0.643720
0.643673
0.643669
0.643710
0.643798
0.643933
0.644116
0.644348
0.644629
0.644957
0.645333
0.645754
0.646219
0.646726
0.647273
0.647857
0.648474
0.649122
0.649796
0.650493
0.651209
0.651940
0.652680
0.653427
0.654175
0.654921
0.655658
0.656384
0.657094
0.657784
0.658450
0.659088
0.659694
0.660266
0.660800
0.661294
0.661746
0.662154
0.662515
0.662830
0.663097
0.663315
0.663486
0.663609
0.663685
0.663715
0.663701
0.663645
0.663548
0.663415
0.663246
0.663046
0.662818
0.662565
0.662290
0.661999
0.661694
0.661379
0.661059
0.660737
0.660417
0.660103
0.659798
0.659507
0.659231
0.658975
0.658741
0.658532
0.658349
0.658194
0.658070
0.657976
0.657914
0.657884
0.657885
0.657918
0.657981
0.658074
0.658193
0.658338
0.658506
0.658694
0.658899
0.659117
0.659346
0.659581
0.659817
0.660052
0.660280
0.660497
0.660699
0.660881
0.661038
0.661167
0.661263
0.661322
0.661340
0.661314
0.661239
0.661114
0.660934
0.660699
0.660405
0.660052
0.659637
0.659161
0.658622
0.658022
0.657360
0.656638
0.655857
0.655019
0.654126
0.653182
0.652189
0.651151
0.650071
0.648955
0.647806
0.646629
0.645429
0.644212
0.642981
0.641744
0.640504
0.639268
0.638040
0.636826
0.635632
0.634461
0.633320
0.632212
0.631142
0.630114
0.629131
0.628198
0.627316
0.626489
0.625719
0.625007
0.624355
0.623764
0.623233
0.622765
0.622837
0.622884
0.622911
0.622924
0.622927
0.622927
0.622930
0.622940
0.622964
0.623007
0.623074
0.623170
0.623299
0.623465
0.623671
0.623920
0.624213
0.624552
0.624937
0.625368
0.625844
0.626363
0.626922
0.627519
0.628150
0.628810
0.629496
0.630201
0.630921
0.631650
0.632383
0.633113
0.633834
0.634542
0.635231
0.635895
0.636531
0.637133
0.637699
0.638224
0.638707
0.639146
0.639539
0.639886
0.640188
0.640445
0.640660
0.640833
0.640970
0.641072
0.641145
0.641192
0.641220
0.641233
0.641236
0.641236
0.641238
0.641249
0.641273
0.641316
0.641384
0.641480
0.641610
0.641777
0.641985
0.642236
0.642531
0.642872
0.643260
0.643693
0.644172
0.644694
0.645257
0.645858
0.646493
0.647158
0.647848
0.648558
0.649282
0.650016
0.650753
0.651488
0.652214
0.652926
0.653619
0.654288
0.654927
0.655534
0.656102
0.656631
0.657117
0.657558
0.657954
0.658304
0.658607
0.658866
0.659081
0.659256
0.659393
0.659496
0.659569
0.659617
0.659645
0.659657
0.659661
0.659661
0.659663
0.659673
0.659698
0.659741
0.659809
0.659907
0.660038
0.660206
0.660415
0.660667
0.660964
0.661308
0.661698
0.662135
0.662616
0.663142
0.663708
0.664313
0.664952
0.665621
0.666315
0.667029
0.667759
0.668497
0.669238
0.669977
0.670708
0.671425
0.672122
0.672795
0.673438
0.674048
0.674620
0.675152
0.675640
0.676084
0.676482
0.676834
0.677139
0.677399
0.677616
0.677792
0.677930
0.678033
0.678107
0.678155
0.678182
0.678195
0.678198
0.678198
0.678201
0.678211
0.678236
0.678280
0.678348
0.678446
0.678578
0.678747
0.678958
0.679212
0.679511
0.679856
0.680249
0.680688
0.681173
0.681702
0.682272
0.682880
0.683523
0.684195
0.684894
0.685613
0.686346
0.687089
0.687835
0.688578
0.689313
0.690034
0.690735
0.691412
0.692059
0.692672
0.693248
0.693782
0.694274
0.694720
0.695121
0.695474
0.695781
0.696043
0.696260
0.696437
0.696576
0.696680
0.696754
0.696802
0.696830
0.696842
0.696846
0.696846
0.696848
0.696859
0.696884
0.696928
0.696997
0.697095
0.697228
0.697399
0.697610
0.697866
0.698166
0.698514
0.698909
0.699351
0.699839
0.700371
0.700944
0.701556
0.702202
0.702879
0.703581
0.704304
0.705042
0.705789
0.706539
0.707287
0.708026
0.708751
0.709456
0.710136
0.710787
0.711404
0.711983
0.712520
0.713015
0.713464
0.713866
0.714221
0.714530
0.714793
0.715012
0.715189
0.715329
0.715433
0.715507
0.715556
0.715584
0.715597
0.715600
0.715600
0.715602
0.715613
0.715638
0.715683
0.715752
0.715851
0.715985
0.716156
0.716369
0.716626
0.716929
0.717279
0.717676
0.718120
0.718611
0.719146
0.719722
0.720338
0.720988
0.721668
0.722375
0.723102
0.723843
0.724595
0.725349
0.726101
0.726844
0.727573
0.728282
0.728966
0.729620
0.730240
0.730822
0.731363
0.731860
0.732311
0.732715
0.733072
0.733383
0.733647
0.733867
0.734046
0.734185
0.734291
0.734365
0.734414
0.734442
0.734455
0.734458
0.734458
0.734460
0.734471
0.734496
0.734541
0.734611
0.734711
0.734845
0.735018
0.735232
0.735490
0.735795
0.736146
0.736546
0.736993
0.737486
0.738024
0.738604
0.739222
0.739876
0.740560
0.741271
0.742001
0.742747
0.743502
0.744261
0.745017
0.745764
0.746497
0.747209
0.747897
0.748555
0.749178
0.749763
0.750306
0.750806
0.751259
0.751666
0.752025
0.752336
0.752602
0.752823
0.753003
0.753143
0.753249
0.753324
0.753373
0.753401
0.753414
0.753417
0.753417
0.753419
0.753430
0.753456
0.753501
0.753571
0.753671
0.753807
0.753980
0.754195
0.754455
0.754761
0.755115
0.755517
0.755966
0.756462
0.757003
0.757586
0.758208
0.758865
0.759553
0.760267
0.761001
0.761751
0.762510
0.763272
0.764032
0.764783
0.765520
0.766236
0.766927
0.767588
0.768214
0.768802
0.769348
0.769850
0.770306
0.770715
0.771075
0.771389
0.771656
0.771878
0.772058
0.772199
0.772305
0.772380
0.772430
0.772458
0.772471
0.772474
0.772474
0.772477
0.772488
0.772513
0.772558
0.772629
0.772730
0.772866
0.773041
0.773257
0.773518
0.773826
0.774182
0.774585
0.775037
0.775536
0.776079
0.776665
0.777290
0.777951
0.778642
0.779360
0.780098
0.780852
0.781615
0.782381
0.783144
0.783899
0.784639
0.785359
0.786054
0.786718
0.787347
0.787938
0.788487
0.788991
0.789449
0.789860
0.790222
0.790537
0.790805
0.791028
0.791209
0.791351
0.791457
0.791533
0.791582
0.791611
0.791624
0.791627
0.791627
0.791630
0.791641
0.791666
0.791712
0.791783
0.791885
0.792021
0.792197
0.792414
0.792677
0.792986
0.793344
0.793749
0.794203
0.794705
0.795251
0.795840
0.796468
0.797132
0.797827
0.798548
0.799290
0.800047
0.800813
0.801583
0.802350
0.803109
0.803853
0.804576
0.805274
0.805941
0.806574
0.807167
0.807719
0.808225
0.808685
0.809098
0.809462
0.809778
0.810047
0.810272
0.810453
0.810596
0.810703
0.810779
0.810828
0.810856
0.810869
0.810873
0.810873
0.810875
0.810887
0.810912
0.810958
0.811030
0.811132
0.811269
0.811446
0.811664
0.811928
0.812239
0.812598
0.813006
0.813463
0.813966
0.814515
0.815107
0.815738
0.816405
0.817103
0.817828
0.818573
0.819334
0.820104
0.820878
0.821648
0.822410
0.823158
0.823884
0.824585
0.825256
0.825891
0.826487
0.827041
0.827550
0.828012
0.828427
0.828792
0.829110
0.829380
0.829606
0.829788
0.829931
0.830039
0.830115
0.830164
0.830193
0.830206
0.830209
0.830209
0.830212
0.830223
0.830249
0.830295
0.830367
0.830470
0.830608
0.830785
0.831005
0.831270
0.831583
0.831944
0.832353
0.832812
0.833318
0.833869
0.834464
0.835098
0.835768
0.836469
0.837197
0.837946
0.838711
0.839484
0.840261
0.841036
0.841801
0.842552
0.843282
0.843986
0.844659
0.845297
0.845896
0.846453
0.846964
0.847428
0.847844
0.848211
0.848530
0.848802
0.849028
0.849211
0.849355
0.849463
0.849539
0.849589
0.849618
0.849631
0.849634
0.849634
0.849637
0.849648
0.849674
0.849720
0.849793
0.849896
0.850035
0.850213
0.850434
0.850700
0.851014
0.851377
0.851789
0.852249
0.852757
0.853311
0.853909
0.854546
0.855219
0.855923
0.856655
0.857407
0.858175
0.858952
0.859732
0.860510
0.861279
0.862032
0.862766
0.863473
0.864149
0.864790
0.865392
0.865950
0.866464
0.866930
0.867348
0.867716
0.868037
0.868309
0.868536
0.868721
0.868865
0.868973
0.869050
0.869100
0.869128
0.869141
0.869145
0.869145
0.869148
0.869159
0.869185
0.869232
0.869304
0.869408
0.869547
0.869726
0.869948
0.870216
0.870532
0.870896
0.871309
0.871772
0.872282
0.872839
0.873439
0.874079
0.874755
0.875462
0.876197
0.876952
0.877723
0.878504
0.879288
0.880069
0.880841
0.881598
0.882334
0.883044
0.883724
0.884367
0.884971
0.885532
0.886048
0.886516
0.886935
0.887305
0.887627
0.887901
0.888129
0.888314
0.888458
0.888567
0.888644
0.888694
0.888723
0.888736
0.888740
0.888739
0.888742
0.888754
0.888780
0.888827
0.888900
0.889004
0.889144
0.889324
0.889547
0.889816
0.890132
0.890498
0.890914
0.891378
0.891891
0.892450
0.893052
0.893695
0.894374
0.895085
0.895822
0.896581
0.897355
0.898139
0.898926
0.899710
0.900485
0.901246
0.901985
0.902698
0.903380
0.904026
0.904633
0.905196
0.905714
0.906184
0.906605
0.906976
0.907299
0.907574
0.907803
0.907988
0.908134
0.908242
0.908320
0.908370
0.908399
0.908412
0.908416
0.908416
0.908418
0.908430
0.908456
0.908503
0.908577
0.908681
0.908822
0.909003
0.909227
0.909497
0.909815
0.910182
0.910600
0.911066
0.911581
0.912142
0.912747
0.913392
0.914074
0.914788
0.915528
0.916290
0.917068
0.917854
0.918645
0.919432
0.920211
0.920974
0.921716
0.922432
0.923117
0.923765
0.924374
0.924940
0.925459
0.925931
0.926354
0.926727
0.927051
0.927327
0.927556
0.927743
0.927888
0.927998
0.928075
0.928126
0.928155
0.928168
0.928171
0.928171
0.928174
0.928186
0.928212
0.928260
0.928333
0.928438
0.928580
0.928761
0.928986
0.929257
0.929577
0.929946
0.930365
0.930833
0.931350
0.931914
0.932521
0.933169
0.933853
0.934570
0.935313
0.936078
0.936859
0.937649
0.938442
0.939233
0.940014
0.940780
0.941525
0.942244
0.942931
0.943583
0.944194
0.944761
0.945283
0.945756
0.946181
0.946555
0.946880
0.947157
0.947388
0.947574
0.947721
0.947831
0.947908
0.947959
0.947988
0.948001
0.948005
0.948005
0.948007
0.948019
0.948046
0.948093
0.948167
0.948273
0.948415
0.948597
0.948823
0.949095
0.949416
0.949787
0.950207
0.950678
0.951197
0.951762
0.952372
0.953023
0.953710
0.954429
0.955175
0.955943
0.956727
0.957520
0.958316
0.959109
0.959894
0.960663
0.961411
0.962132
0.962822
0.963476
0.964089
0.964659
0.965182
0.965658
0.966083
0.966459
0.966786
0.967063
0.967295
0.967482
0.967629
0.967739
0.967817
0.967868
0.967897
0.967910
0.967914
0.967914
0.967916
0.967928
0.967955
0.968003
0.968077
0.968183
0.968326
0.968509
0.968735
0.969009
0.969331
0.969703
0.970125
0.970597
0.971118
0.971686
0.972298
0.972951
0.973641
0.974363
0.975112
0.975883
0.976669
0.977465
0.978265
0.979061
0.979848
0.980620
0.981371
0.982095
0.982787
0.983443
0.984059
0.984631
0.985156
0.985633
0.986060
0.986437
0.986765
0.987044
0.987276
0.987464
0.987611
0.987721
0.987800
0.987851
0.987880
0.987893
0.987897
0.987897
0.987899
0.987911
0.987938
0.987986
0.988061
0.988167
0.988310
0.988494
0.988722
0.988996
0.989320
0.989693
0.990117
0.990591
0.991114
0.991684
0.992298
0.992953
0.993646
0.994370
0.995122
0.995896
0.996685
0.997484
0.998286
0.999085
0.999875
1.000650
1.001403
1.002130
1.002825
1.003483
1.004101
1.004675
1.005202
1.005680
1.006109
1.006487
1.006816
1.007096
1.007329
1.007517
1.007665
1.007776
1.007854
1.007905
1.007935
1.007948
1.007951
1.007951
1.007954
1.007966
1.007993
1.008041
1.008116
1.008223
1.008367
1.008551
1.008780
1.009055
1.009380
1.009755
1.010180
1.010656
1.011181
1.011753
1.012369
1.013027
1.013722
1.014449
1.015204
1.015980
1.016772
1.017574
1.018379
1.019181
1.019973
1.020751
1.021507
1.022236
1.022933
1.023594
1.024213
1.024789
1.025318
1.025798
1.026228
1.026608
1.026938
1.027218
1.027452
1.027641
1.027789
1.027900
1.027979
1.028030
1.028060
1.028073
1.028077
1.028077
1.028079
1.028091
1.028118
1.028167
1.028242
1.028350
1.028494
1.028679
1.028908
1.029185
1.029510
1.029887
1.030314
1.030791
1.031318
1.031892
1.032511
1.033171
1.033868
1.034598
1.035355
1.036134
1.036928
1.037733
1.038541
1.039345
1.040141
1.040921
1.041679
1.042411
1.043110
1.043773
1.044395
1.044973
1.045503
1.045985
1.046416
1.046797
1.047128
1.047409
1.047644
1.047834
1.047982
1.048094
1.048173
1.048224
1.048253
1.048267
1.048270
1.048270
1.048273
1.048285
1.048312
1.048361
1.048437
1.048544
1.048689
1.048875
1.049105
1.049383
1.049710
1.050087
1.050515
1.050995
1.051523
1.052099
1.052720
1.053382
1.054082
1.054814
1.055574
1.056355
1.057153
1.057960
1.058770
1.059578
1.060376
1.061158
1.061919
1.062653
1.063355
1.064020
1.064644
1.065223
1.065755
1.066239
1.066672
1.067054
1.067385
1.067668
1.067903
1.068093
1.068242
1.068354
1.068433
1.068484
1.068514
1.068527
1.068531
1.068531
1.068534
1.068546
1.068573
1.068622
1.068698
1.068806
1.068951
1.069138
1.069369
1.069647
1.069975
1.070354
1.070784
1.071265
1.071795
1.072373
1.072996
1.073660
1.074362
1.075097
1.075859
1.076643
1.077443
1.078253
1.079066
1.079876
1.080677
1.081462
1.082225
1.082961
1.083665
1.084332
1.084958
1.085539
1.086073
1.086558
1.086992
1.087375
1.087708
1.087991
1.088227
1.088418
1.088567
1.088680
1.088759
1.088810
1.088840
1.088853
1.088857
1.088857
1.088860
1.088872
1.088899
1.088948
1.089025
1.089133
1.089279
1.089466
1.089698
1.089977
1.090307
1.090687
1.091118
1.091600
1.092132
1.092712
1.093337
1.094004
1.094708
1.095445
1.096209
1.096996
1.097798
1.098611
1.099426
1.100239
1.101042
1.101829
1.102595
1.103334
1.104040
1.104709
1.105337
1.105920
1.106455
1.106941
1.107377
1.107761
1.108095
1.108379
1.108615
1.108807
1.108957
1.109069
1.109148
1.109200
1.109230
1.109243
1.109247
1.109247
1.109250
1.109262
1.109289
1.109339
1.109415
1.109524
1.109670
1.109858
1.110091
1.110371
1.110701
1.111083
1.111515
1.111999
1.112533
1.113115
1.113742
1.114410
1.115117
1.115856
1.116623
1.117412
1.118217
1.119031
1.119850
1.120665
1.121470
1.122260
1.123028
1.123769
1.124477
1.125148
1.125778
1.126363
1.126900
1.127387
1.127824
1.128209
1.128544
1.128829
1.129066
1.129258
1.129408
1.129521
1.129601
1.129652
1.129682
1.129696
1.129699
1.129699
1.129702
1.129714
1.129742
1.129791
1.129868
1.129977
1.130124
1.130312
1.130546
1.130827
1.131158
1.131541
1.131975
1.132460
1.132996
1.133579
1.134208
1.134879
1.135587
1.136329
1.137098
1.137889
1.138697
1.139514
1.140335
1.141152
1.141960
1.142752
1.143523
1.144266
1.144976
1.145649
1.146280
1.146867
1.147405
1.147894
1.148332
1.148719
1.149054
1.149340
1.149577
1.149770
1.149921
1.150034
1.150113
1.150165
1.150195
1.150209
1.150212
1.150212
1.150215
1.150227
1.150255
1.150305
1.150382
1.150492
1.150639
1.150828
1.151062
1.151344
1.151676
1.152060
1.152495
1.152982
1.153519
1.154105
1.154735
1.155408
1.156119
1.156862
1.157634
1.158427
1.159237
1.160057
1.160880
1.161700
1.162510
1.163304
1.164077
1.164822
1.165534
1.166209
1.166842
1.167430
1.167970
1.168461
1.168900
1.169288
1.169624
1.169910
1.170149
1.170342
1.170493
1.170606
1.170686
1.170738
1.170768
1.170781
1.170785
1.170785
1.170788
1.170800
1.170828
1.170878
1.170955
1.171065
1.171213
1.171402
1.171637
1.171920
1.172254
1.172638
1.173075
1.173563
1.174102
1.174689
1.175322
1.175996
1.176709
1.177455
1.178228
1.179024
1.179836
1.180658
1.181484
1.182306
1.183118
1.183915
1.184690
1.185437
1.186151
1.186828
1.187463
1.188052
1.188594
1.189086
1.189526
1.189915
1.190252
1.190539
1.190778
1.190971
1.191123
1.191236
1.191317
1.191369
1.191399
1.191412
1.191416
1.191416
1.191419
1.191431
1.191459
1.191509
1.191587
1.191697
1.191845
1.192035
1.192271
1.192555
1.192889
1.193275
1.193713
1.194203
1.194743
1.195332
1.195966
1.196642
1.197357
1.198105
1.198881
1.199679
1.200493
1.201318
1.202145
1.202970
1.203784
1.204583
1.205360
1.206109
1.206825
1.207504
1.208140
1.208732
1.209275
1.209768
1.210209
1.210599
1.210937
1.211225
1.211464
1.211658
1.211810
1.211924
1.212004
1.212057
1.212086
1.212100
1.212104
1.212104
1.212106
1.212119
1.212147
1.212197
1.212275
1.212386
1.212534
1.212725
1.212961
1.213246
1.213581
1.213968
1.214408
1.214899
1.215440
1.216031
1.216667
1.217345
1.218062
1.218812
1.219590
1.220390
1.221207
1.222033
1.222863
1.223689
1.224506
1.225307
1.226086
1.226837
1.227555
1.228236
1.228874
1.229467
1.230011
1.230505
1.230948
1.231338
1.231677
1.231966
1.232206
1.232401
1.232553
1.232667
1.232747
1.232800
1.232830
1.232843
1.232847
1.232847
1.232850
1.232862
1.232891
1.232941
1.233019
1.233130
1.233279
1.233470
1.233707
1.233993
1.234329
1.234717
1.235157
1.235650
1.236193
1.236785
1.237423
1.238103
1.238822
1.239574
1.240354
1.241156
1.241975
1.242803
1.243635
1.244464
1.245283
1.246086
1.246867
1.247620
1.248340
1.249022
1.249662
1.250256
1.250802
1.251297
1.251741
1.252133
1.252472
1.252762
1.253002
1.253197
1.253350
1.253464
1.253545
1.253597
1.253627
1.253641
1.253645
1.253645
1.253647
1.253660
1.253688
1.253739
1.253817
1.253928
1.254078
1.254270
1.254507
1.254794
1.255131
1.255520
1.255962
1.256455
1.257000
1.257593
1.258233
1.258915
1.259635
1.260389
1.261171
1.261976
1.262797
1.263627
1.264462
1.265292
1.266114
1.266919
1.267702
1.268456
1.269178
1.269862
1.270503
1.271099
1.271646
1.272143
1.272588
1.272980
1.273321
1.273611
1.273852
1.274047
1.274200
1.274314
1.274395
1.274448
1.274478
1.274492
1.274495
1.274495
1.274498
1.274511
1.274539
1.274590
1.274668
1.274780
1.274930
1.275122
1.275361
1.275648
1.275986
1.276376
1.276819
1.277314
1.277860
1.278455
1.279096
1.279780
1.280502
1.281258
1.282042
1.282849
1.283671
1.284504
1.285340
1.286173
1.286996
1.287804
1.288588
1.289345
1.290069
1.290754
1.291397
1.291994
1.292543
1.293040
1.293486
1.293880
1.294221
1.294512
1.294753
1.294949
1.295102
1.295217
1.295298
1.295351
1.295381
1.295395
1.295398
1.295398
1.295401
1.295414
1.295442
1.295493
1.295572
1.295684
1.295834
1.296027
1.296266
1.296554
1.296893
1.297284
1.297728
1.298224
1.298772
1.299368
1.300011
1.300696
1.301420
1.302178
1.302964
1.303773
1.304598
1.305432
1.306271
1.307105
1.307931
1.308740
1.309526
1.310285
1.311010
1.311697
1.312342
1.312940
1.313490
1.313989
1.314436
1.314830
1.315172
1.315463
1.315706
1.315902
1.316055
1.316170
1.316252
1.316304
1.316335
1.316348
1.316352
1.316352
1.316355
1.316367
1.316396
1.316447
1.316526
1.316638
1.316789
1.316982
1.317222
1.317511
1.317850
1.318243
1.318688
1.319185
1.319734
1.320332
1.320976
1.321664
1.322389
1.323149
1.323937
1.324747
1.325574
1.326411
1.327251
1.328088
1.328915
1.329726
1.330515
1.331275
1.332002
1.332690
1.333336
1.333936
1.334487
1.334987
1.335435
1.335830
1.336173
1.336465
1.336708
1.336904
1.337058
1.337173
1.337255
1.337308
1.337338
1.337352
1.337355
1.337355
1.337358
1.337371
1.337400
1.337451
1.337530
1.337643
1.337794
1.337988
1.338228
1.338517
1.338858
1.339251
1.339697
1.340196
1.340746
1.341345
1.341991
1.342680
1.343408
1.344169
1.344959
1.345771
1.346600
1.347439
1.348281
1.349120
1.349949
1.350761
1.351552
1.352314
1.353042
1.353732
1.354380
1.354981
1.355533
1.356034
1.356483
1.356879
1.357223
1.357515
1.357759
1.357956
1.358110
1.358225
1.358307
1.358360
1.358390
1.358404
1.358407
1.358407
1.358410
1.358423
1.358452
1.358503
1.358583
1.358696
1.358847
1.359041
1.359282
1.359572
1.359914
1.360308
1.360755
1.361255
1.361806
1.362407
1.363055
1.363745
1.364474
1.365237
1.366029
1.366843
1.367674
1.368514
1.369358
1.370199
1.371030
1.371845
1.372637
1.373401
1.374131
1.374822
1.375471
1.376074
1.376627
1.377129
1.377579
1.377976
1.378320
1.378613
1.378857
1.379055
1.379209
1.379325
1.379406
1.379460
1.379490
1.379504
1.379507
1.379507
1.379510
1.379523
1.379552
1.379603
1.379683
1.379796
1.379948
1.380143
1.380384
1.380675
1.381017
1.381412
1.381861
1.382362
1.382914
1.383517
1.384165
1.384857
1.385588
1.386353
1.387146
1.387963
1.388795
1.389638
1.390483
1.391326
1.392159
1.392975
1.393769
1.394534
1.395266
1.395959
1.396609
1.397213
1.397768
1.398271
1.398722
1.399120
1.399465
1.399758
1.400003
1.400200
1.400355
1.400471
1.400553
1.400606
1.400636
1.400650
1.400654
1.400654
1.400657
1.400669
1.400699
1.400750
1.400830
1.400943
1.401096
1.401291
1.401533
1.401824
1.402167
1.402563
1.403013
1.403515
1.404069
1.404672
1.405323
1.406016
1.406749
1.407515
1.408310
1.409128
1.409962
1.410807
1.411655
1.412499
1.413333
1.414152
1.414947
1.415714
1.416447
1.417142
1.417794
1.418399
1.418954
1.419459
1.419910
1.420309
1.420655
1.420949
1.421194
1.421392
1.421547
1.421663
1.421745
1.421798
1.421828
1.421842
1.421846
1.421846
1.421849
1.421862
1.421891
1.421942
1.422022
1.422136
1.422289
1.422485
1.422727
1.423019
1.423363
1.423760
1.424210
1.424714
1.425269
1.425874
1.426525
1.427221
1.427955
1.428723
1.429519
1.430339
1.431175
1.432021
1.432871
1.433717
1.434553
1.435373
1.436170
1.436939
1.437674
1.438370
1.439023
1.439629
1.440186
1.440691
1.441144
1.441543
1.441889
1.442184
1.442429
1.442628
1.442783
1.442899
1.442981
1.443035
1.443065
1.443079
1.443083
1.443083
1.443086
1.443099
1.443128
1.443180
1.443260
1.443374
1.443527
1.443723
1.443966
1.444259
1.444604
1.445001
1.445453
1.445957
1.446513
1.447120
1.447773
1.448469
1.449205
1.449975
1.450773
1.451594
1.452432
1.453280
1.454131
1.454979
1.455817
1.456639
1.457437
1.458208
1.458944
1.459641
1.460295
1.460903
1.461461
1.461967
1.462421
1.462821
1.463168
1.463463
1.463709
1.463908
1.464063
1.464180
1.464262
1.464315
1.464346
1.464360
1.464363
1.464363
1.464366
1.464379
1.464409
1.464460
1.464541
1.464655
1.464809
1.465005
1.465249
1.465542
1.465888
1.466286
1.466739
1.467244
1.467802
1.468409
1.469064
1.469761
1.470499
1.471270
1.472070
1.472893
1.473732
1.474582
1.475435
1.476285
1.477124
1.477947
1.478748
1.479520
1.480257
1.480956
1.481611
1.482220
1.482779
1.483286
1.483741
1.484142
1.484489
1.484785
1.485031
1.485230
1.485386
1.485503
1.485585
1.485639
1.485670
1.485683
1.485687
1.485687
1.485690
1.485703
1.485732
1.485784
1.485865
1.485980
1.486133
1.486330
1.486574
1.486869
1.487215
1.487614
1.488067
1.488574
1.489133
1.489741
1.490397
1.491096
1.491835
1.492608
1.493410
1.494234
1.495075
1.495927
1.496781
1.497633
1.498474
1.499299
1.500101
1.500874
1.501613
1.502313
1.502970
1.503580
1.504140
1.504648
1.505103
1.505504
1.505853
1.506149
1.506396
1.506595
1.506751
1.506868
1.506951
1.507004
1.507035
1.507049
1.507052
1.507052
1.507056
1.507069
1.507098
1.507150
1.507231
1.507346
1.507500
1.507697
1.507942
1.508237
1.508584
1.508984
1.509438
1.509946
1.510505
1.511115
1.511772
1.512473
1.513213
1.513988
1.514791
1.515617
1.516460
1.517313
1.518169
1.519022
1.519865
1.520691
1.521495
1.522269
1.523010
1.523711
1.524369
1.524980
1.525541
1.526050
1.526506
1.526909
1.527258
1.527555
1.527802
1.528001
1.528158
1.528275
1.528357
1.528411
1.528442
1.528456
1.528459
1.528459
1.528462
1.528475
1.528505
1.528557
1.528638
1.528753
1.528908
1.529106
1.529351
1.529646
1.529994
1.530395
1.530850
1.531358
1.531919
1.532530
1.533189
1.533891
1.534632
1.535408
1.536213
1.537041
1.537885
1.538740
1.539598
1.540452
1.541297
1.542125
1.542929
1.543706
1.544447
1.545150
1.545809
1.546421
1.546983
1.547493
1.547950
1.548353
1.548703
1.549000
1.549248
1.549448
1.549604
1.549722
1.549804
1.549858
1.549889
1.549903
1.549906
1.549906
1.549909
1.549922
1.549952
1.550004
1.550086
1.550201
1.550356
1.550554
1.550800
1.551096
1.551444
1.551846
1.552302
1.552811
1.553373
1.553986
1.554645
1.555349
1.556092
1.556869
1.557675
1.558505
1.559351
1.560207
1.561066
1.561922
1.562768
1.563598
1.564404
1.565182
1.565925
1.566629
1.567289
1.567902
1.568465
1.568976
1.569434
1.569837
1.570187
1.570485
1.570733
1.570934
1.571091
1.571208
1.571291
1.571345
1.571376
1.571389
1.571393
1.571393
1.571396
1.571409
1.571439
1.571491
1.571573
1.571688
1.571843
1.572042
1.572288
1.572585
1.572934
1.573336
1.573793
1.574304
1.574867
1.575480
1.576141
1.576846
1.577590
1.578369
1.579177
1.580008
1.580855
1.581713
1.582574
1.583431
1.584279
1.585110
1.585918
1.586696
1.587441
1.588146
1.588808
1.589422
1.589986
1.590498
1.590956
1.591360
1.591711
1.592009
1.592258
1.592459
1.592616
1.592733
1.592816
1.592870
1.592901
1.592915
1.592918
1.592918
1.592921
1.592935
1.592964
1.593017
1.593098
1.593214
1.593370
1.593569
1.593816
1.594113
1.594462
1.594866
1.595323
1.595835
1.596399
1.597013
1.597676
1.598382
1.599127
1.599907
1.600717
1.601549
1.602398
1.603257
1.604120
1.604979
1.605828
1.606660
1.607469
1.608250
1.608995
1.609702
1.610364
1.610980
1.611545
1.612057
1.612516
1.612921
1.613273
1.613572
1.613820
1.614021
1.614179
1.614296
1.614380
1.614433
1.614464
1.614478
1.614482
1.614482
1.614485
1.614498
1.614528
1.614581
1.614662
1.614778
1.614934
1.615134
1.615381
1.615678
1.616029
1.616433
1.616891
1.617404
1.617969
1.618584
1.619248
1.619955
1.620702
1.621484
1.622294
1.623128
1.623979
1.624839
1.625703
1.626564
1.627414
1.628248
1.629059
1.629840
1.630587
1.631295
1.631958
1.632575
1.633141
1.633654
1.634114
1.634520
1.634871
1.635171
1.635420
1.635621
1.635779
1.635897
1.635980
1.636034
1.636065
1.636079
1.636082
1.636082
1.636086
1.636099
1.636129
1.636181
1.636263
1.636380
1.636536
1.636736
1.636983
1.637281
1.637632
1.638037
1.638496
1.639010
1.639576
1.640193
1.640857
1.641566
1.642314
1.643097
1.643909
1.644744
1.645596
1.646458
1.647324
1.648186
1.649038
1.649873
1.650685
1.651467
1.652216
1.652924
1.653589
1.654207
1.654773
1.655288
1.655748
1.656154
1.656507
1.656807
1.657056
1.657258
1.657416
1.657534
1.657617
1.657671
1.657702
1.657716
1.657719
1.657719
1.657723
1.657736
1.657766
1.657819
1.657786
1.657893
1.658008
1.657733
1.656854
1.655668
1.654766
1.654505
1.654784
1.655316
1.655932
1.656522
1.656790
1.656321
1.655015
1.653359
1.652123
1.651760
1.652161
1.652941
1.653806
1.654552
1.654859
1.654355
1.653007
1.651351
1.650154
1.649817
1.650166
1.650781
1.651401
1.651920
1.652138
1.651770
1.650779
1.649593
1.648792
1.648599
1.648742
1.648844
1.648821
1.648816
1.648851
1.648738
1.648369
1.647940
1.647742
1.647754
1.647616
1.647054
1.646237
1.645612
1.645441
1.645606
1.645883
1.646212
1.646591
1.646793
1.646407
1.645283
1.643823
1.642721
1.642397
1.642756
1.643458
1.644256
1.644969
1.645271
1.644765
1.643396
1.641691
1.640435
1.640072
1.640467
1.641213
1.642013
1.642688
1.642964
1.642511
1.641307
1.639847
1.638819
1.638544
1.638803
1.639195
1.639531
1.639814
1.639948
1.639700
1.639007
1.638188
1.637682
1.637589
1.637594
1.637370
1.636956
1.636642
1.636572
1.636603
1.636572
1.636544
1.636654
1.636767
1.636497
1.635632
1.634467
1.633580
1.633323
1.633600
1.634129
1.634742
1.635328
1.635592
1.635129
1.633843
1.632214
1.630998
1.630641
1.631038
1.631811
1.632670
1.633410
1.633714
1.633215
1.631887
1.630258
1.629081
1.628749
1.629095
1.629706
1.630323
1.630838
1.631054
1.630690
1.629716
1.628550
1.627764
1.627574
1.627715
1.627819
1.627802
1.627801
1.627836
1.627725
1.627364
1.626946
1.626754
1.626766
1.626630
1.626078
1.625277
1.624664
1.624496
1.624659
1.624937
1.625267
1.625645
1.625843
1.625463
1.624356
1.622920
1.621836
1.621517
1.621873
1.622570
1.623363
1.624070
1.624368
1.623868
1.622519
1.620841
1.619606
1.619248
1.619639
1.620380
1.621175
1.621845
1.622117
1.621669
1.620483
1.619047
1.618036
1.617766
1.618023
1.618414
1.618751
1.619033
1.619166
1.618921
1.618240
1.617436
1.616940
1.616849
1.616855
1.616638
1.616233
1.615927
1.615859
1.615890
1.615862
1.615841
1.615952
1.616064
1.615797
1.614947
1.613801
1.612930
1.612677
1.612951
1.613477
1.614088
1.614669
1.614930
1.614472
1.613206
1.611603
1.610406
1.610054
1.610448
1.611215
1.612069
1.612802
1.613101
1.612609
1.611301
1.609698
1.608539
1.608213
1.608555
1.609162
1.609777
1.610288
1.610501
1.610142
1.609183
1.608037
1.607264
1.607077
1.607218
1.607325
1.607313
1.607314
1.607350
1.607241
1.606887
1.606480
1.606293
1.606306
1.606172
1.605631
1.604844
1.604243
1.604077
1.604240
1.604517
1.604848
1.605224
1.605421
1.605045
1.603954
1.602542
1.601476
1.601162
1.601514
1.602206
1.602995
1.603695
1.603989
1.603496
1.602166
1.600515
1.599298
1.598947
1.599334
1.600069
1.600859
1.601523
1.601792
1.601350
1.600182
1.598769
1.597774
1.597508
1.597763
1.598152
1.598490
1.598772
1.598903
1.598662
1.597992
1.597204
1.596717
1.596628
1.596634
1.596423
1.596029
1.595730
1.595663
1.595694
1.595671
1.595654
1.595768
1.595878
1.595615
1.594778
1.593652
1.592795
1.592546
1.592818
1.593341
1.593949
1.594526
1.594783
1.594331
1.593083
1.591505
1.590327
1.589981
1.590371
1.591133
1.591980
1.592707
1.593003
1.592516
1.591227
1.589649
1.588508
1.588188
1.588526
1.589130
1.589742
1.590250
1.590460
1.590105
1.589161
1.588035
1.587275
1.587091
1.587231
1.587339
1.587333
1.587337
1.587373
1.587265
1.586919
1.586522
1.586341
1.586354
1.586222
1.585690
1.584919
1.584329
1.584165
1.584327
1.584604
1.584936
1.585311
1.585504
1.585133
1.584059
1.582669
1.581620
1.581311
1.581660
1.582347
1.583131
1.583826
1.584116
1.583628
1.582318
1.580692
1.579494
1.579148
1.579531
1.580261
1.581046
1.581705
1.581970
1.581533
1.580382
1.578992
1.578013
1.577751
1.578004
1.578392
1.578731
1.579012
1.579142
1.578903
1.578245
1.577472
1.576994
1.576907
1.576913
1.576708
1.576324
1.576031
1.575966
1.575997
1.575977
1.575966
1.576081
1.576190
1.575930
1.575107
1.573999
1.573156
1.572912
1.573181
1.573701
1.574307
1.574879
1.575133
1.574687
1.573457
1.571903
1.570743
1.570403
1.570788
1.571545
1.572387
1.573107
1.573399
1.572918
1.571648
1.570094
1.568971
1.568655
1.568991
1.569590
1.570199
1.570704
1.570912
1.570561
1.569632
1.568523
1.567776
1.567596
1.567734
1.567845
1.567843
1.567851
1.567886
1.567780
1.567442
1.567054
1.566879
1.566892
1.566762
1.566240
1.565482
1.564902
1.564742
1.564902
1.565180
1.565512
1.565885
1.566076
1.565709
1.564652
1.563283
1.562250
1.561946
1.562292
1.562975
1.563753
1.564442
1.564728
1.564246
1.562955
1.561353
1.560174
1.559833
1.560213
1.560937
1.561718
1.562371
1.562633
1.562201
1.561067
1.559698
1.558735
1.558477
1.558728
1.559115
1.559454
1.559735
1.559863
1.559627
1.558980
1.558221
1.557752
1.557667
1.557674
1.557474
1.557099
1.556813
1.556749
1.556781
1.556764
1.556758
1.556874
1.556982
1.556725
1.555915
1.554826
1.553996
1.553755
1.554023
1.554540
1.555143
1.555711
1.555961
1.555520
1.554308
1.552778
1.551635
1.551300
1.551682
1.552433
1.553269
1.553984
1.554271
1.553796
1.552544
1.551014
1.549908
1.549597
1.549930
1.550525
1.551132
1.551633
1.551838
1.551492
1.550576
1.549486
1.548751
1.548574
1.548711
1.548824
1.548827
1.548837
1.548872
1.548768
1.548437
1.548058
1.547888
1.547901
1.547773
1.547260
1.546517
1.545947
1.545789
1.545948
1.546225
1.546559
1.546930
1.547119
1.546756
1.545714
1.544367
1.543349
1.543050
1.543393
1.544071
1.544844
1.545527
1.545810
1.545333
1.544060
1.542483
1.541321
1.540986
1.541362
1.542081
1.542856
1.543504
1.543763
1.543336
1.542218
1.540871
1.539922
1.539669
1.539917
1.540302
1.540642
1.540922
1.541049
1.540816
1.540180
1.539434
1.538974
1.538890
1.538898
1.538703
1.538337
1.538058
1.537995
1.538027
1.538014
1.538012
1.538130
1.538237
1.537983
1.537185
1.536113
1.535297
1.535060
1.535325
1.535840
1.536439
1.537003
1.537251
1.536814
1.535619
1.534112
1.532987
1.532657
1.533036
1.533781
1.534611
1.535320
1.535604
1.535134
1.533899
1.532392
1.531302
1.530996
1.531326
1.531918
1.532522
1.533019
1.533222
1.532879
1.531978
1.530905
1.530182
1.530008
1.530144
1.530259
1.530266
1.530279
1.530314
1.530211
1.529887
1.529518
1.529352
1.529365
1.529239
1.528735
1.528005
1.527445
1.527290
1.527448
1.527725
1.528059
1.528428
1.528614
1.528256
1.527229
1.525902
1.524901
1.524606
1.524946
1.525618
1.526387
1.527065
1.527343
1.526872
1.525617
1.524063
1.522918
1.522588
1.522961
1.523674
1.524445
1.525088
1.525343
1.524921
1.523819
1.522492
1.521558
1.521309
1.521555
1.521939
1.522279
1.522558
1.522683
1.522453
1.521827
1.521095
1.520644
1.520561
1.520569
1.520380
1.520023
1.519750
1.519688
1.519720
1.519710
1.519712
1.519831
1.519937
1.519686
1.518900
1.517846
1.517043
1.516810
1.517073
1.517584
1.518181
1.518740
1.518985
1.518553
1.517375
1.515890
1.514781
1.514456
1.514832
1.515571
1.516396
1.517099
1.517379
1.516914
1.515697
1.514212
1.513138
1.512837
1.513164
1.513752
1.514353
1.514847
1.515047
1.514709
1.513820
1.512765
1.512054
1.511882
1.512017
1.512133
1.512145
1.512160
1.512195
1.512094
1.511776
1.511416
1.511255
1.511268
1.511144
1.510648
1.509931
1.509381
1.509229
1.509385
1.509662
1.509996
1.510363
1.510547
1.510193
1.509181
1.507874
1.506887
1.506597
1.506934
1.507602
1.508366
1.509038
1.509313
1.508847
1.507609
1.506077
1.504950
1.504624
1.504994
1.505702
1.506468
1.507105
1.507357
1.506940
1.505854
1.504546
1.503627
1.503381
1.503626
1.504008
1.504348
1.504627
1.504750
1.504523
1.503907
1.503188
1.502745
1.502663
1.502672
1.502488
1.502139
1.501872
1.501811
1.501843
1.501836
1.501843
1.501963
1.502068
1.501820
1.501046
1.500008
1.499218
1.498988
1.499249
1.499757
1.500351
1.500906
1.501148
1.500721
1.499559
1.498096
1.497003
1.496683
1.497055
1.497789
1.498609
1.499305
1.499582
1.499122
1.497921
1.496458
1.495400
1.495104
1.495428
1.496011
1.496610
1.497100
1.497298
1.496963
1.496088
1.495049
1.494349
1.494180
1.494315
1.494432
1.494448
1.494466
1.494500
1.494401
1.494089
1.493737
1.493581
1.493595
1.493472
1.492985
1.492280
1.491739
1.491589
1.491745
1.492021
1.492355
1.492721
1.492903
1.492552
1.491554
1.490267
1.489295
1.489009
1.489343
1.490006
1.490765
1.491432
1.491703
1.491242
1.490021
1.488511
1.487400
1.487080
1.487446
1.488149
1.488910
1.489542
1.489791
1.489378
1.488307
1.487019
1.486113
1.485871
1.486114
1.486494
1.486835
1.487113
1.487235
1.487010
1.486404
1.485697
1.485262
1.485182
1.485191
1.485012
1.484671
1.484410
1.484351
1.484383
1.484378
1.484389
1.484510
1.484614
1.484369
1.483606
1.482585
1.481806
1.481580
1.481839
1.482344
1.482935
1.483486
1.483725
1.483303
1.482156
1.480714
1.479637
1.479322
1.479691
1.480419
1.481233
1.481924
1.482197
1.481743
1.480558
1.479115
1.478073
1.477781
1.478102
1.478682
1.479278
1.479765
1.479960
1.479629
1.478766
1.477743
1.477055
1.476888
1.477022
1.477141
1.477160
1.477180
1.477215
1.477117
1.476811
1.476467
1.476315
1.476329
1.476208
1.475729
1.475037
1.474505
1.474357
1.474512
1.474788
1.475122
1.475486
1.475665
1.475319
1.474335
1.473066
1.472108
1.471827
1.472158
1.472817
1.473571
1.474231
1.474500
1.474044
1.472839
1.471351
1.470255
1.469939
1.470303
1.471000
1.471756
1.472384
1.472629
1.472221
1.471164
1.469895
1.469003
1.468765
1.469005
1.469384
1.469725
1.470002
1.470122
1.469901
1.469304
1.468609
1.468181
1.468103
1.468112
1.467938
1.467605
1.467349
1.467291
1.467323
1.467322
1.467336
1.467459
1.467561
1.467319
1.466567
1.465562
1.464795
1.464572
1.464828
1.465331
1.465919
1.466466
1.466701
1.466284
1.465153
1.463731
1.462670
1.462359
1.462725
1.463448
1.464256
1.464941
1.465211
1.464761
1.463592
1.462170
1.461143
1.460855
1.461174
1.461750
1.462342
1.462826
1.463019
1.462692
1.461841
1.460834
1.460156
1.459992
1.460125
1.460245
1.460268
1.460290
1.460324
1.460228
1.459929
1.459592
1.459445
1.459459
1.459339
1.458868
1.458187
1.457664
1.457519
1.457673
1.457948
1.458282
1.458644
1.458822
1.458479
1.457508
1.456258
1.455314
1.455037
1.455365
1.456019
1.456768
1.457424
1.457688
1.457237
1.456048
1.454581
1.453501
1.453190
1.453550
1.454243
1.454994
1.455616
1.455859
1.455455
1.454412
1.453162
1.452282
1.452047
1.452286
1.452663
1.453004
1.453280
1.453399
1.453180
1.452592
1.451909
1.451489
1.451412
1.451422
1.451252
1.450926
1.450676
1.450619
1.450651
1.450653
1.450671
1.450794
1.450895
1.450656
1.449915
1.448925
1.448169
1.447950
1.448204
1.448704
1.449289
1.449832
1.450064
1.449652
1.448535
1.447134
1.446087
1.445781
1.446144
1.446861
1.447664
1.448343
1.448610
1.448165
1.447011
1.445609
1.444596
1.444313
1.444628
1.445201
1.445790
1.446271
1.446461
1.446138
1.445299
1.444307
1.443639
1.443478
1.443610
1.443731
1.443758
1.443782
1.443816
1.443721
1.443427
1.443099
1.442955
1.442969
1.442851
1.442388
1.441719
1.441204
1.441061
1.441213
1.441489
1.441823
1.442182
1.442358
1.442019
1.441061
1.439829
1.438899
1.438626
1.438951
1.439600
1.440345
1.440995
1.441256
1.440810
1.439636
1.438189
1.437124
1.436818
1.437175
1.437862
1.438609
1.439226
1.439466
1.439066
1.438037
1.436804
1.435937
1.435706
1.435943
1.436319
1.436659
1.436934
1.437052
1.436836
1.436257
1.435585
1.435172
1.435097
1.435107
1.434941
1.434623
1.434378
1.434322
1.434354
1.434358
1.434379
1.434504
1.434604
1.434367
1.433637
1.432661
1.431917
1.431701
1.431953
1.432450
1.433032
1.433571
1.433800
1.433392
1.432290
1.430908
1.429876
1.429575
1.429934
1.430646
1.431444
1.432117
1.432380
1.431940
1.430802
1.429419
1.428420
1.428141
1.428454
1.429023
1.429609
1.430086
1.430274
1.429954
1.429127
1.428150
1.427492
1.427333
1.427464
1.427587
1.427617
1.427643
1.427677
1.427583
1.427295
1.426974
1.426834
1.426848
1.426732
1.426276
1.425618
1.425112
1.424971
1.425122
1.425397
1.425731
1.426088
1.426262
1.425927
1.424981
1.423767
1.422849
1.422580
1.422903
1.423548
1.424287
1.424932
1.425190
1.424749
1.423590
1.422163
1.421112
1.420810
1.421164
1.421847
1.422589
1.423201
1.423438
1.423042
1.422027
1.420811
1.419957
1.419729
1.419964
1.420338
1.420678
1.420952
1.421069
1.420855
1.420285
1.419624
1.419218
1.419144
1.419154
1.418992
1.418682
1.418442
1.418387
1.418419
1.418425
1.418450
1.418575
1.418674
1.418440
1.417720
1.416759
1.416025
1.415812
1.416063
1.416556
1.417136
1.417671
1.417897
1.417493
1.416406
1.415042
1.414025
1.413728
1.414084
1.414791
1.415583
1.416251
1.416511
1.416075
1.414951
1.413587
1.412602
1.412327
1.412637
1.413203
1.413786
1.414260
1.414446
1.414129
1.413313
1.412350
1.411702
1.411546
1.411676
1.411800
1.411833
1.411861
1.411895
1.411802
1.411519
1.411205
1.411069
1.411083
1.410969
1.410520
1.409873
1.409374
1.409236
1.409386
1.409660
1.409994
1.410349
1.410521
1.410189
1.409257
1.408059
1.407154
1.406889
1.407209
1.407849
1.408584
1.409223
1.409479
1.409042
1.407898
1.406489
1.405453
1.405155
1.405507
1.406185
1.406921
1.407529
1.407762
1.407371
1.406369
1.405171
1.404328
1.404104
1.404336
1.404709
1.405049
1.405322
1.405438
1.405226
1.404664
1.404014
1.403615
1.403542
1.403552
1.403395
1.403091
1.402856
1.402802
1.402834
1.402843
1.402871
1.402996
1.403094
1.402863
1.402153
1.401206
1.400483
1.400273
1.400521
1.401012
1.401589
1.402119
1.402343
1.401943
1.400870
1.399525
1.398521
1.398228
1.398581
1.399283
1.400070
1.400732
1.400989
1.400558
1.399448
1.398102
1.397131
1.396859
1.397167
1.397729
1.398309
1.398780
1.398963
1.398650
1.397845
1.396896
1.396258
1.396103
1.396233
1.396358
1.396394
1.396424
1.396457
1.396366
1.396089
1.395781
1.395649
1.395663
1.395550
1.395108
1.394471
1.393981
1.393844
1.393993
1.394267
1.394600
1.394954
1.395124
1.394796
1.393875
1.392694
1.391801
1.391540
1.391857
1.392493
1.393223
1.393857
1.394109
1.393677
1.392547
1.391158
1.390136
1.389842
1.390190
1.390863
1.391596
1.392198
1.392429
1.392042
1.391052
1.389870
1.389039
1.388818
1.389049
1.389420
1.389760
1.390032
1.390146
1.389937
1.389383
1.388743
1.388351
1.388279
1.388290
1.388136
1.387839
1.387609
1.387556
1.387588
1.387599
1.387630
1.387756
1.387853
1.387624
1.386924
1.385990
1.385278
1.385071
1.385317
1.385805
1.386379
1.386905
1.387127
1.386731
1.385671
1.384344
1.383353
1.383064
1.383415
1.384111
1.384893
1.385550
1.385803
1.385377
1.384281
1.382953
1.381995
1.381727
1.382033
1.382591
1.383168
1.383635
1.383817
1.383507
1.382712
1.381776
1.381147
1.380996
1.381124
1.381250
1.381289
1.381321
1.381354
1.381264
1.380992
1.380691
1.380562
1.380576
1.380464
1.380030
1.379403
1.378920
1.378785
1.378934
1.379206
1.379540
1.379891
1.380059
1.379734
1.378825
1.377660
1.376780
1.376522
1.376837
1.377468
1.378194
1.378823
1.379072
1.378644
1.377528
1.376157
1.375148
1.374859
1.375204
1.375872
1.376600
1.377198
1.377426
1.377043
1.376066
1.374899
1.374080
1.373862
1.374091
1.374461
1.374800
1.375071
1.375184
1.374977
1.374431
1.373801
1.373415
1.373345
1.373356
1.373206
1.372915
1.372689
1.372637
1.372670
1.372682
1.372716
1.372843
1.372939
1.372713
1.372022
1.371102
1.370399
1.370195
1.370440
1.370925
1.371495
1.372018
1.372237
1.371845
1.370798
1.369488
1.368511
1.368226
1.368574
1.369265
1.370042
1.370693
1.370944
1.370521
1.369439
1.368129
1.367183
1.366919
1.367222
1.367777
1.368351
1.368815
1.368994
1.368687
1.367903
1.366981
1.366361
1.366211
1.366339
1.366466
1.366507
1.366541
1.366574
1.366485
1.366218
1.365923
1.365798
1.365812
1.365702
1.365273
1.364657
1.364181
1.364049
1.364196
1.364468
1.364801
1.365151
1.365316
1.364995
1.364097
1.362948
1.362079
1.361825
1.362137
1.362764
1.363486
1.364109
1.364355
1.363931
1.362829
1.361476
1.360481
1.360195
1.360538
1.361201
1.361924
1.362517
1.362743
1.362363
1.361398
1.360248
1.359439
1.359224
1.359452
1.359820
1.360158
1.360428
1.360540
1.360335
1.359797
1.359177
1.358798
1.358728
1.358740
1.358593
1.358309
1.358087
1.358036
1.358069
1.358084
1.358120
1.358248
1.358343
1.358119
1.357437
1.356529
1.355837
1.355636
1.355878
1.356360
1.356928
1.357447
1.357663
1.357275
1.356241
1.354948
1.353984
1.353703
1.354048
1.354735
1.355506
1.356152
1.356399
1.355981
1.354912
1.353619
1.352685
1.352425
1.352726
1.353277
1.353848
1.354309
1.354486
1.354182
1.353408
1.352499
1.351887
1.351740
1.351867
1.351994
1.352039
1.352074
1.352106
1.352019
1.351756
1.351468
1.351346
1.351361
1.351251
1.350830
1.350222
1.349754
1.349623
1.349770
1.350041
1.350373
1.350721
1.350885
1.350567
1.349680
1.348546
1.347689
1.347439
1.347748
1.348371
1.349088
1.349707
1.349950
1.349530
1.348441
1.347105
1.346123
1.345841
1.346181
1.346840
1.347558
1.348146
1.348369
1.347993
1.347041
1.345905
1.345107
1.344896
1.345122
1.345488
1.345825
1.346094
1.346205
1.346002
1.345472
1.344862
1.344488
1.344420
1.344431
1.344288
1.344010
1.343793
1.343743
1.343776
1.343792
1.343831
1.343959
1.344053
1.343832
1.343159
1.342264
1.341580
1.341382
1.341623
1.342102
1.342667
1.343182
1.343396
1.343012
1.341990
1.340714
1.339762
1.339485
1.339827
1.340509
1.341275
1.341916
1.342160
1.341746
1.340689
1.339413
1.338492
1.338235
1.338534
1.339081
1.339649
1.340107
1.340282
1.339981
1.339217
1.338320
1.337717
1.337572
1.337698
1.337826
1.337873
1.337910
1.337942
1.337856
1.337598
1.337316
1.337197
1.337211
1.337103
1.336688
1.336090
1.335629
1.335500
1.335645
1.335916
1.336248
1.336594
1.336755
1.336441
1.335565
1.334446
1.333600
1.333353
1.333660
1.334279
1.334991
1.335605
1.335845
1.335429
1.334353
1.333034
1.332064
1.331787
1.332124
1.332778
1.333492
1.334076
1.334296
1.333924
1.332982
1.331862
1.331075
1.330866
1.331090
1.331454
1.331792
1.332059
1.332169
1.331968
1.331445
1.330844
1.330477
1.330409
1.330421
1.330282
1.330009
1.329796
1.329747
1.329780
1.329798
1.329840
1.329968
1.330061
1.329842
1.329178
1.328295
1.327621
1.327426
1.327665
1.328141
1.328703
1.329214
1.329425
1.329045
1.328035
1.326775
1.325835
1.325562
1.325902
1.326579
1.327340
1.327976
1.328217
1.327807
1.326763
1.325503
1.324593
1.324340
1.324636
1.325180
1.325745
1.326200
1.326373
1.326075
1.325320
1.324436
1.323841
1.323698
1.323824
1.323952
1.324002
1.324040
1.324072
1.323986
1.323733
1.323457
1.323341
1.323356
1.323249
1.322840
1.322251
1.321796
1.321669
1.321814
1.322084
1.322415
1.322759
1.322919
1.322607
1.321742
1.320637
1.319802
1.319559
1.319864
1.320478
1.321186
1.321795
1.322032
1.321620
1.320557
1.319254
1.318297
1.318023
1.318358
1.319007
1.319716
1.320295
1.320513
1.320145
1.319214
1.318108
1.317332
1.317126
1.317348
1.317711
1.318047
1.318314
1.318422
1.318224
1.317708
1.317116
1.316754
1.316688
1.316700
1.316564
1.316297
1.316088
1.316040
1.316073
1.316092
1.316137
1.316265
1.316357
1.316140
1.315485
1.314614
1.313949
1.313756
1.313994
1.314467
1.315026
1.315534
1.315742
1.315365
1.314368
1.313124
1.312196
1.311926
1.312263
1.312935
1.313691
1.314322
1.314561
1.314154
1.313122
1.311878
1.310980
1.310731
1.311024
1.311565
1.312127
1.312578
1.312749
1.312455
1.311709
1.310836
1.310250
1.310109
1.310234
1.310363
1.310415
1.310454
1.310486
1.310402
1.310153
1.309882
1.309769
1.309784
1.309678
1.309275
1.308695
1.308247
1.308122
1.308266
1.308535
1.308865
1.309207
1.309365
1.309056
1.308202
1.307111
1.306287
1.306047
1.306350
1.306960
1.307663
1.308267
1.308502
1.308094
1.307043
1.305756
1.304811
1.304541
1.304873
1.305518
1.306222
1.306797
1.307012
1.306647
1.305728
1.304636
1.303869
1.303666
1.303887
1.304248
1.304584
1.304850
1.304957
1.304760
1.304251
1.303668
1.303312
1.303247
1.303259
1.303126
1.302864
1.302660
1.302612
1.302645
1.302667
1.302713
1.302842
1.302933
1.302718
1.302071
1.301212
1.300556
1.300366
1.300601
1.301072
1.301628
1.302132
1.302338
1.301965
1.300979
1.299750
1.298834
1.298568
1.298902
1.299570
1.300321
1.300946
1.301182
1.300779
1.299760
1.298531
1.297644
1.297398
1.297689
1.298226
1.298785
1.299234
1.299403
1.299111
1.298375
1.297514
1.296935
1.296796
1.296920
1.297050
1.297104
1.297144
1.297176
1.297093
1.296848
1.296583
1.296473
1.296488
1.296384
1.295986
1.295414
1.294973
1.294850
1.294992
1.295261
1.295591
1.295931
1.296087
1.295781
1.294937
1.293860
1.293046
1.292809
1.293109
1.293716
1.294414
1.295014
1.295245
1.294841
1.293802
1.292532
1.291598
1.291331
1.291661
1.292302
1.293002
1.293572
1.293784
1.293423
1.292515
1.291436
1.290679
1.290479
1.290698
1.291058
1.291393
1.291657
1.291763
1.291569
1.291066
1.290492
1.290141
1.290077
1.290089
1.289960
1.289703
1.289503
1.289456
1.289489
1.289512
1.289560
1.289690
1.289780
1.289567
1.288928
1.288080
1.287433
1.287245
1.287479
1.287947
1.288500
1.289000
1.289204
1.288834
1.287860
1.286646
1.285741
1.285479
1.285811
1.286473
1.287220
1.287840
1.288073
1.287674
1.286666
1.285452
1.284577
1.284334
1.284623
1.285157
1.285713
1.286158
1.286325
1.286036
1.285308
1.284459
1.283888
1.283751
1.283874
1.284005
1.284060
1.284102
1.284134
1.284052
1.283811
1.283551
1.283444
1.283459
1.283356
1.282964
1.282401
1.281966
1.281844
1.281986
1.282253
1.282583
1.282921
1.283075
1.282772
1.281938
1.280874
1.280071
1.279837
1.280135
1.280737
1.281431
1.282026
1.282255
1.281855
1.280828
1.279572
1.278650
1.278387
1.278714
1.279350
1.280046
1.280612
1.280822
1.280464
1.279566
1.278501
1.277754
1.277556
1.277774
1.278132
1.278466
1.278729
1.278834
1.278641
1.278146
1.277580
1.277234
1.277171
1.277184
1.277057
1.276806
1.276609
1.276563
1.276595
1.276620
1.276671
1.276800
1.276890
1.276679
1.276048
1.275211
1.274572
1.274387
1.274619
1.275085
1.275634
1.276131
1.276332
1.275966
1.275002
1.273804
1.272910
1.272651
1.272980
1.273638
1.274380
1.274995
1.275226
1.274830
1.273834
1.272634
1.271770
1.271530
1.271817
1.272347
1.272900
1.273343
1.273508
1.273222
1.272503
1.271664
1.271101
1.270966
1.271088
1.271219
1.271277
1.271320
1.271352
1.271270
1.271034
1.270779
1.270675
1.270689
1.270587
1.270201
1.269646
1.269217
1.269097
1.269238
1.269505
1.269833
1.270169
1.270322
1.270022
1.269197
1.268147
1.267354
1.267123
1.267418
1.268016
1.268706
1.269296
1.269523
1.269126
1.268110
1.266870
1.265959
1.265699
1.266024
1.266656
1.267347
1.267909
1.268116
1.267762
1.266874
1.265822
1.265084
1.264889
1.265106
1.265462
1.265795
1.266057
1.266161
1.265970
1.265481
1.264923
1.264583
1.264521
1.264533
1.264409
1.264163
1.263970
1.263925
1.263957
1.263984
1.264036
1.264166
1.264255
1.264046
1.263422
1.262597
1.261966
1.261783
1.262014
1.262476
1.263023
1.263516
1.263715
1.263352
1.262399
1.261215
1.260332
1.260077
1.260403
1.261057
1.261793
1.262404
1.262632
1.262240
1.261255
1.260070
1.259216
1.258979
1.259264
1.259791
1.260341
1.260780
1.260944
1.260660
1.259950
1.259122
1.258566
1.258433
1.258555
1.258686
1.258746
1.258790
1.258821
1.258740
1.258508
1.258258
1.258156
1.258171
1.258070
1.257689
1.257142
1.256719
1.256601
1.256741
1.257007
1.257335
1.257669
1.257820
1.257522
1.256707
1.255670
1.254886
1.254658
1.254952
1.255546
1.256231
1.256817
1.257041
1.256648
1.255643
1.254418
1.253518
1.253261
1.253584
1.254211
1.254898
1.255455
1.255661
1.255309
1.254432
1.253393
1.252664
1.252471
1.252686
1.253040
1.253373
1.253634
1.253737
1.253548
1.253065
1.252515
1.252179
1.252118
1.252131
1.252010
1.251769
1.251579
1.251534
1.251567
1.251595
1.251650
1.251780
1.251867
1.251660
1.251044
1.250229
1.249606
1.249426
1.249655
1.250115
1.250659
1.251148
1.251345
1.250985
1.250043
1.248873
1.248001
1.247748
1.248073
1.248722
1.249453
1.250059
1.250284
1.249896
1.248922
1.247751
1.246907
1.246673
1.246956
1.247480
1.248027
1.248463
1.248625
1.248344
1.247642
1.246824
1.246276
1.246145
1.246266
1.246397
1.246459
1.246504
1.246535
1.246455
1.246227
1.245982
1.245883
1.245897
1.245798
1.245422
1.244882
1.244465
1.244349
1.244488
1.244753
1.245080
1.245412
1.245561
1.245267
1.244461
