0.5
0.4045066505791924
0.1545025214511874
-0.15451746074615377
-0.4045158834609015
-0.49999999975325493
-0.4044974172982433
-0.15448758200373003
0.15453239988861456
0.4045251159433614
0.49999999901301984
0.40448818361806305
0.1544726424037968
-0.1545473388785546
-0.4045343480265632
-0.4999999977792946
-0.40447894953866126
-0.15445770265140127
0.15456227771595993
0.40454357971049754
0.4999999960520793
0.4044697150600466
0.15444276274655944
-0.15457721640081448
-0.4045528109951549
-0.4999999938313739
-0.4044604801822288
-0.15442782268928654
0.1545921549331061
0.4045620418805277
0.4999999911171784
0.40445124490521606
0.1544128824795956
-0.15460709331281747
-0.4045712723666053
-0.49999998790949285
-0.4044420092290179
-0.1543979421175022
0.1546220315399347
0.404580502453379
0.4999999842083172
0.40443277315364357
0.1543830016030211
-0.15463696961444306
-0.4045897321408398
-0.4999999800136515
-0.4044235366791031
-0.15436806093616873
0.1546519075363261
0.40459896142897644
0.4999999753254957
0.4044142998054025
0.15435312011695643
-0.15466684530557415
-0.4046081903177851
-0.49999997014384984
-0.40440506253255404
-0.15433817914539727
0.15468178292216742
0.40461741880725244
0.499999964468714
0.40439582486056586
0.1543232380215162
-0.15469672038608942
-0.4046266468973704
-0.499999958300088
-0.404386586789447
-0.15430829674531774
0.15471165769733558
0.4046358745881299
0.499999951637972
0.4043773483192087
0.15429335531682004
-0.15472659485587767
-0.40464510187952174
-0.4999999444823659
-0.4043681094498538
-0.15427841373603787
0.15474153186171444
0.40465432877153695
0.4999999368332698
0.4043588701813997
0.15426347200298596
-0.15475646871481763
-0.4046635552641663
-0.4999999286906837
-0.40434963051384726
-0.15424853011767908
0.15477140541518597
0.4046727813574008
0.4999999200546076
0.4043403904472139
0.1542335880801353
-0.15478634196279129
-0.40468200705122925
-0.4999999109250414
-0.40433114998150255
-0.15421864589035927
0.15480127835762553
0.40469123234564863
0.4999999013019853
0.4043219091167223
0.1542037035483759
-0.15481621459968412
-0.4047004572406417
-0.49999989118543914
-0.4043126678528864
-0.1541887610541999
0.15483115068893205
0.4047096817362034
0.499999880575403
0.404303426190004
0.1541738184078359
-0.15484608662536467
-0.40471890583233305
-0.4999998694718769
-0.40429418412807794
-0.15415887560931213
0.15486102240897404
0.4047281295290048
0.4999998578748609
0.4042849416671257
0.15414393265862986
-0.15487595803973866
-0.4047373528262178
-0.49999984578435486
-0.4042756988071523
-0.15412898955581059
0.15489089351763705
0.40474657572396316
0.4999998332003589
0.40426645554816254
0.1541140463008758
-0.15490582884266116
-0.40475579822223584
-0.49999982012287303
-0.40425721189016983
-0.15409910289383355
0.15492076401480304
0.4047650203210226
0.4999998065518973
0.40424796783318745
0.1540841593346985
-0.15493569903404122
-0.4047742420203101
-0.4999997924874316
-0.40423872337722033
-0.15406921562347192
0.15495063390035416
0.4047834633200976
0.49999977792947603
0.4042294785222734
0.1540542717601956
-0.15496556861373392
-0.4047926842203677
-0.4999997628780306
-0.4042202332683601
-0.15403932774487075
0.15498050317417247
0.40480190472111544
0.4999997473330953
0.4042109876154935
0.1540243835775122
-0.15499543758164158
-0.4048111248223359
-0.4999997312946702
-0.4042017415636787
-0.15400943925812782
0.15501037183614003
0.4048203445240157
0.49999971476275523
0.4041924951129248
0.15399449478673918
-0.15502530593763955
-0.4048295638261418
-0.4999996977373505
-0.4041832482632326
-0.15397955016336778
0.15504023988613894
0.4048387827287091
0.4999996802184559
0.40417400101462786
0.15396460538802167
-0.1550551736816099
-0.4048480012317086
-0.49999966220607156
-0.4041647533671114
-0.15394966046070874
0.1550701073240445
0.4048572193351394
0.4999996437001975
0.4041555053206881
0.1539347153814573
-0.15508504081343474
-0.40486643703897585
-0.49999962470083364
-0.40414625687537975
-0.15391977015026861
0.15509997414975912
0.40487565434322137
0.49999960520798015
0.4041370080311745
0.15390482476716413
-0.15511490733298938
-0.40488487124785844
-0.49999958522163684
-0.4041277587880982
-0.15388987923216543
0.1551298403631378
0.40489408775288627
0.49999956474180396
0.4041185091461642
0.1538749335452737
-0.15514477324017614
-0.4049033038582834
-0.4999995437684814
-0.4041092591053649
-0.15385998770651046
0.15515970596407616
0.40491251956405727
0.4999995223016691
0.4041000086657177
0.15384504171590396
-0.15517463853485017
-0.40492173487019056
-0.4999995003413673
-0.40409075782724024
-0.15383009557344196
0.15518957095248337
0.40493094977666577
0.49999947788757587
0.4040815065899248
0.1538151492791527
-0.15520450321692048
-0.4049401642834905
-0.49999945494029485
-0.40407225495378896
-0.15380020283306448
0.15521943532818738
0.4049493783906473
0.4999994314995243
0.4040630029188418
0.15378525623516495
-0.15523436728625575
-0.4049585920981271
-0.4999994075652642
-0.4040537504850924
-0.15377030948549594
0.1552492990910974
0.4049678054059208
0.4999993831375146
0.4040444976525584
0.15375536258404518
-0.15526423074272455
-0.40497701831401933
-0.4999993582162755
-0.40403524442123206
-0.1537404155308274
0.15527916224109548
0.4049862308224052
0.49999933280154696
0.404025990791131
0.15372546832589792
-0.15529409358622245
-0.404995442931086
-0.499999306893329
-0.4040167367622727
-0.1537105209692309
0.15530902477807726
0.405004654640036
0.4999992804916216
0.40400748233464945
0.15369557346085466
-0.15532395581664513
-0.4050138659492628
-0.4999992535964249
-0.40399822750827885
-0.15368062580079747
0.15533888670191132
0.40502307685874894
0.4999992262077388
0.4039889722831783
0.15366567798904704
-0.1553538174338611
-0.40503228736847696
-0.49999919832556333
-0.40397971665933197
-0.15365073002563162
0.15536874801246625
0.4050414974784545
0.4999991699498986
0.40397046063678244
0.15363578191057947
-0.15538367843773904
-0.4050507071886725
-0.4999991410807446
-0.4039612042155136
-0.15362083364387835
0.1553986087096512
0.40505991649909673
0.49999911171810135
0.4039519473955432
0.1536058852255565
-0.15541353882817452
-0.4050691254097432
-0.4999990818619689
-0.4039426901768885
-0.1535909366556287
0.15542846879332123
0.4050783339205945
0.4999990515123473
0.403933432559542
0.1535759879341097
-0.15544339860504966
-0.40508754203163316
-0.49999902066923646
-0.40392417454352125
-0.15356103906102775
0.15545832826337203
0.40509674974286675
0.4999989893326366
0.4039149161288437
0.15354609003637057
-0.15547325776827361
-0.40510595705426955
-0.4999989575025476
-0.40390565731550176
-0.15353114086016645
0.15548818711969917
0.4051151639658492
0.4999989251789695
0.40389639810351297
0.15351619153244367
-0.15550311631767447
-0.40512437047758815
-0.4999988923619024
-0.40388713849288643
-0.1535012420531899
0.15551804536217126
0.4051335765894691
0.4999988590513463
0.40387787848363127
0.153486292422447
-0.15553297425316134
-0.40514278230150785
-0.4999988252473012
-0.403868618075765
-0.1534713426402026
0.15554790299065696
0.4051519876136704
0.4999987909497673
0.4038593572692801
0.15345639270647157
-0.15556283157461634
-0.4051611925259476
-0.4999987561587444
-0.403850096064194
-0.15344144262130913
0.15557776000505183
0.4051703970383471
0.49999872087423264
0.40384083446052416
0.1534264923846895
-0.15559268828193515
-0.40517960115084306
-0.499998685096232
-0.4038315724582632
-0.15341154199664098
0.15560761640523807
0.40518880486344316
0.49999864882474265
0.4038223100574283
0.1533965914571918
-0.15562254437498638
-0.40519800817612994
-0.49999861205976454
-0.4038130472580373
-0.15338164076632976
0.15563747219112475
0.405207211088886
0.4999985748012977
0.403803784060074
0.15336668992408303
-0.15565239985363857
-0.4052164136017189
-0.49999853704934216
-0.4037945204635811
-0.15335173893047996
0.15566732736254008
0.40522561571461957
0.499998498803898
0.4037852564685343
0.15333678778552176
-0.1556822547177875
-0.4052348174275539
-0.49999846006496523
-0.4037759920749762
-0.15332183648919614
0.15569718191940662
0.40524401874052957
0.4999984208325439
0.4037667272828992
0.15330688504155845
-0.15571210896732868
-0.405253219653554
-0.49999838110663397
-0.40375746209231245
-0.1532919334426234
0.1557270358615795
0.4052624201665766
0.49999834088723566
0.40374819650320837
0.1532769816923652
-0.15574196260214432
-0.40527162027963815
-0.4999983001743489
-0.4037389305156296
-0.1532620297908527
0.15575688918896793
0.40528081999270466
0.49999825896797356
0.4037296641295684
0.15324707773807364
-0.15577181562206255
-0.40529001930575037
-0.49999821726811
-0.4037203973450173
-0.15323212553401572
0.15578674190141345
0.4052992182187829
0.4999981750747581
0.4037111301620189
0.15321717317874775
-0.155801668027033
-0.4053084167318098
-0.49999813238791774
-0.40370186258056573
-0.15320222067225747
0.15581659399885234
0.4053176148447887
0.49999808920758926
0.40369259460064993
0.15318726801453258
-0.15583151981688378
-0.40532681255772707
-0.49999804553377264
-0.4036833262223144
-0.15317231520564195
0.15584644548113963
0.40533600987063256
0.4999980013664678
0.40367405744553464
0.1531573622455733
-0.1558613709915511
-0.40534520678346286
-0.4999979567056748
-0.4036647882703365
-0.1531424091343143
0.1558762963481305
0.4053544032962254
0.49999791155139384
0.4036555186967461
0.1531274558719338
-0.1558912215508901
-0.40536359940892785
-0.49999786590362477
-0.4036462487247557
-0.15311250245841956
0.15590614659976115
0.40537279512152785
0.4999978197623677
0.40363697835435763
0.15309754889375926
-0.1559210714947559
-0.4053819904340329
-0.4999977731276227
-0.40362770758559463
-0.15308259517799472
0.15593599623588664
0.40539118534645063
0.4999977259993899
0.40361843641845907
0.15306764131116776
-0.15595092082308468
-0.40540037985873867
-0.4999976783776691
-0.4036091648529434
-0.15305268729326604
0.15596584525638924
0.4054095739709045
0.49999763026246064
0.4035998928890902
0.15303773312427732
-0.1559807695357586
-0.40541876768293916
-0.49999758165376446
-0.40359062052689193
-0.15302277880427045
0.15599569366115099
0.40542796099485023
0.4999975325515804
0.4035813477663409
0.15300782433323312
-0.15601061763257876
-0.4054371539065952
-0.4999974829559088
-0.40357207460747996
-0.15299286971115303
0.15602554145005415
0.4054463464181984
0.49999743286674964
0.40356280105030135
0.15297791493809906
-0.15604046511350841
-0.4054555385296341
-0.4999973822841028
-0.4035535270948142
-0.15296296001405896
0.15605538862295384
0.4054647302408766
0.4999973312079685
0.40354425274101097
0.1529480049390204
-0.15607031197837565
-0.4054739215519334
-0.49999727963834684
-0.40353497798893434
-0.1529330497130522
0.1560852351797862
0.4054831124628122
0.4999972275752375
0.4035257028385767
0.15291809433614212
-0.1561001582271167
-0.4054923029734705
-0.49999717501864105
-0.4035164272899303
-0.15290313880827786
0.15611508112037945
0.4055014930839159
0.4999971219685573
0.4035071513430381
0.1528881831295283
-0.1561300038595867
-0.4055106827941561
-0.49999706842498626
-0.4034978749978755
-0.15287322729988115
0.1561449264446697
0.40551987210414864
0.49999701438792793
0.4034885982544685
0.15285827131932406
-0.1561598488756408
-0.40552906101390107
-0.4999969598573826
-0.403479321112843
-0.15284331518792596
0.15617477115251222
0.40553824952342094
0.49999690483335013
0.40347004357299154
0.15282835890567453
-0.15618969327521523
-0.405547437632666
-0.49999684931583055
-0.40346076563490624
-0.15281340247255748
0.1562046152437621
0.40555662534164383
0.4999967933048241
0.40345148729862995
0.15279844588861666
-0.1562195370581651
-0.40556581265036185
-0.4999967368003307
-0.403442208564155
-0.15278348915389384
0.15623445871835553
0.4055749995587779
0.49999667980235035
0.4034329294314739
0.15276853226837675
-0.15624938022434565
-0.40558418606689944
-0.49999662231088327
-0.4034236499006293
-0.15275357523205307
0.1562643015761747
0.4055933721747174
0.4999965643259295
0.40341436997161345
0.1527386180449917
-0.15627922277372003
-0.4056025578822394
-0.49999650584748884
-0.4034050896444189
-0.15272366070718038
0.1562941438170208
0.4056117431894231
0.49999644687556166
0.4033958089190882
0.15270870321860672
-0.1563090647060894
-0.40562092809629263
-0.49999638741014796
-0.40338652779561396
-0.15269374557933968
0.15632398544085704
0.40563011260282233
0.49999632745124756
0.4033772462740052
0.15267878778936694
-0.15633890602133602
-0.4056392967089866
-0.49999626699886085
-0.40336796435425426
-0.1526638298486762
0.1563538264475386
0.4056484804147929
0.49999620605298767
0.4033586820364039
0.15264887175733638
-0.156368746719396
-0.4056576637202488
-0.49999614461362796
-0.40334939932044656
-0.15263391351533512
0.15638366683692057
0.405666846625312
0.4999960826807822
0.40334011620637455
0.15261895512266013
-0.15639858680009758
-0.40567602912999007
-0.4999960202544502
-0.40333083269423065
-0.15260399657938034
0.15641350660893927
0.4056852112342905
0.4999959573346321
0.4033215487839904
0.15258903788548342
-0.15642842626337694
-0.40569439293817117
-0.4999958939213277
-0.4033122644756798
-0.1525740790409571
0.15644334576342284
0.40570357424163944
0.4999958300145374
0.4033029797693247
0.15255912004587024
-0.15645826510908925
-0.4057127551447029
-0.4999957656142612
-0.4032936946649177
-0.15254416090021056
0.1564731843003075
0.40572193564731934
0.49999570072049887
0.4032844091624509
0.15252920160396574
-0.1564881033370898
-0.4057311157494963
-0.49999563533325087
-0.40327512326196724
-0.15251424215717765
0.1565030222194484
0.4057402954512413
0.49999556945251705
0.40326583696345897
0.15249928255988807
-0.15651794094731464
-0.405749474752512
-0.49999550307829743
-0.40325655026691853
-0.1524843228120847
0.15653285952070078
0.4057586536533161
0.4999954362105922
0.40324726317238874
0.1524693629137553
-0.1565477779396461
-0.40576783215364437
-0.4999953688494015
-0.4032379756798618
-0.15245440286496867
0.15656269620402788
0.4057770102535045
0.4999953009947251
0.4032286877893302
0.15243944266571263
-0.15657761431388534
-0.40578618795285415
-0.49999523264656337
-0.4032193995008367
-0.15242448231597477
0.1565925322692308
0.40579536525171744
0.49999516380491626
0.40321011081437363
0.15240952181582407
-0.15660745006999557
-0.4058045421500687
-0.49999509446978374
-0.4032008217299502
-0.15239456116524816
0.1566223677161919
0.4058137186478824
0.4999950246411661
0.4031915322475587
0.15237960036423479
-0.15663728520783202
-0.405822894745166
-0.4999949543190632
-0.403182242367242
-0.15236463941285286
0.15665220254484724
0.40583207044192704
0.49999488350347515
0.4031729520889924
0.15234967831109
-0.15666711972724987
-0.40584124573812325
-0.499994812194402
-0.40316366141280224
-0.152334717058934
0.15668203675502515
0.4058504206337622
0.49999474039184405
0.4031543703387144
0.1523197556564537
-0.15669695362818536
-0.40585959512885145
-0.499994668095801
-0.40314507886672113
-0.15230479410363681
0.1567118703466618
0.40586876922334875
0.4999945953062733
0.4031357869967981
0.1522898324004711
-0.1567267869104667
-0.40587794291726154
-0.4999945220232609
-0.4031264947290216
-0.15227487054702535
0.15674170331961237
0.4058871162105975
0.49999444824676376
0.40311720206336726
0.15225990854328733
-0.15675661957403011
-0.40589628910331427
-0.49999437397678187
-0.40310790899982746
-0.15224494638924474
0.15677153567373217
0.4059054615954195
0.4999942992133156
0.40309861553844495
0.1522299840849394
-0.15678645161873084
-0.40591463368692066
-0.4999942239563649
-0.4030893216792121
-0.15221502163041317
0.15680136740895734
0.4059238053777755
0.49999414820592963
0.4030800274221212
0.15220005902565373
-0.15681628304442405
-0.40593297666799166
-0.4999940719620102
-0.4030707327672151
-0.15218509627064875
0.15683119852517016
0.40594214755756
0.49999399522460647
0.40306143771448627
0.1521701333654401
-0.15684611385104602
-0.40595131804647144
-0.4999939179937186
-0.40305214226394376
-0.1521551703100967
0.15686102902217186
0.4059604881347336
0.49999384026934657
0.4030428464155799
0.15214020710452505
-0.15687594403847893
-0.4059696578223208
-0.4999937620514905
-0.40303355016942083
-0.152125243748794
0.15689085889989862
0.4059788271092074
0.49999368334015076
0.4030242535255092
0.1521102802429725
-0.1569057736065241
-0.4059879959954175
-0.4999936041353269
-0.40301495648378705
-0.152095316586967
0.15692068815828672
0.40599716448092554
0.4999935244370192
0.4030056590442971
0.1520803527809006
-0.15693560255511774
-0.40600633256568924
-0.4999934442452282
-0.40299636120706533
-0.1520653888246798
0.15695051679708338
0.40601550024976596
0.4999933635599532
0.4029870629720673
0.1520504247183734
-0.156965430884169
-0.4060246675331134
-0.4999932823811947
-0.4029777643393291
-0.15203546046205044
0.15698034481633286
0.4060338344156893
0.49999320070895303
0.40296846530889346
0.15202049605561732
-0.1569952585935602
-0.4060430008975511
-0.4999931185432277
-0.40295916588070224
-0.15200553149914303
0.15701017221583632
0.4060521669786565
0.49999303588401905
0.4029498660547984
0.1519905667926964
-0.1570250856830926
-0.40606133265896327
-0.4999929527313275
-0.4029405658312246
-0.15197560193618395
0.15703999899542215
0.4060704979385287
0.4999928690851525
0.40293126520992284
0.1519606369296746
-0.15705491215275635
-0.40607966281731056
-0.49999278494549443
-0.40292196419096954
-0.15194567177323726
0.15706982515502652
0.40608882729526674
0.4999927003123537
0.4029126627743066
0.15193070646677842
-0.1570847380023258
-0.4060979913724545
-0.4999926151857295
-0.4029033609599768
-0.15191574101036695
0.1570996506945856
0.40610715504883155
0.4999925295656228
0.4028940587480231
0.15190077540407182
-0.15711456323173717
-0.4061163183243557
-0.4999924434520337
-0.40288475613838726
-0.1518858096477995
0.15712947561387378
0.40612548119908426
0.4999923568449616
0.40287545313111217
0.15187084374161886
-0.15714438784092669
-0.4061346436729751
-0.499992269744407
-0.40286614972624063
-0.1518558776855989
0.1571592999128272
0.40614380574598585
0.4999921821503703
0.4028568459237145
0.151840911479646
-0.15717421182966862
-0.40615296741817386
-0.49999209406285083
-0.4028475417235767
-0.1518259451238292
0.15718912359138218
0.40616212868949697
0.4999920054818494
0.40283823712587
0.15181097861816312
-0.15720403519789924
-0.406171289559913
-0.4999919164073655
-0.4028289321305363
-0.15179601196266265
0.157218946649313
0.4061804500294791
0.49999182683939947
0.4028196267376184
0.15178104515734256
-0.15723385794555475
-0.4061896100981532
-0.4999917367779517
-0.4028103209471592
-0.1517660782022717
0.15724876908655586
0.40619876976589303
0.4999916462230217
0.40280101475910046
0.1517511110973566
-0.1572636800724095
-0.4062079290327559
-0.4999915551746099
-0.4027917081734852
-0.15173614384266612
0.15727859090304702
0.4062170878986664
0.4999914636327166
0.40278240119035613
0.15172117643826924
-0.15729350157839972
-0.4062262463636819
-0.49999137159734136
-0.40277309380965515
-0.15170620888407244
0.15730841209856078
0.40623540442776007
0.49999127906848456
0.4027637860314251
0.1516912411801446
-0.1573233224634616
-0.406244562090892
-0.49999118604614656
-0.40275447785570884
-0.15167627332655467
0.15733823267303343
0.40625371935306853
0.49999109253032686
0.4027451692824483
0.1516613053232091
-0.15735314272736953
-0.4062628762142807
-0.49999099852102585
-0.4027358603116862
-0.15164633717017684
0.1573680526264012
0.4062720326744864
0.499990904018244
0.40272655094346543
0.15163136886752682
-0.15738296237005972
-0.40628118873374275
-0.4999908090219806
-0.4027172411777279
-0.15161640041516547
0.15739787195843835
0.4062903443920076
0.4999907135322363
0.4027079310145164
0.1516014318131617
-0.15741278139141446
-0.4062994996492389
-0.49999061754901136
-0.4026986204538402
-0.15158646306158455
0.15742769066908124
0.4063086545054937
0.4999905210723053
0.4026893094957084
0.15157149416034038
-0.15744259979136996
-0.4063178089607299
-0.4999904241021184
-0.4026799981401303
-0.15155652510949813
0.15745750875821204
0.40632696301490534
0.49999032663845133
0.40267068638714865
0.1515415559091268
-0.15747241756970062
-0.4063361166680773
-0.4999902286813033
-0.40266137423670534
-0.15152658655913273
0.15748732622576708
0.4063452699202035
0.49999013023067485
0.40265206168884327
0.15151161705958496
-0.1575022347263427
-0.4063544227712419
-0.4999900312865664
-0.4026427487436052
-0.1514966474105524
0.15751714307152065
0.40636357522124966
0.49998993184897733
0.4026334354009331
0.15148167761194148
-0.15753205126123232
-0.4063727272701846
-0.4999898319179081
-0.40262412166086975
-0.15146670766387532
0.157546959295463
0.40638187891800465
0.4999897314933592
0.4026148075234581
0.15145173756626032
-0.15756186717419796
