0.5
0.49901334448761653
0.49605727190686655
0.49114344875897736
0.48429126804673184
0.47552777273761637
0.4648875490354488
0.4524125898817043
0.4381521292252458
0.4221624477145368
0.40450665057919244
0.38525441857748904
0.36448173299274744
0.34227057576392433
0.3187086059338846
0.2938888136922901
0.26790915337846616
0.24087215689264677
0.21288452904131616
0.18405672641366638
0.1545025214511875
0.1243385534308407
0.09368386813391658
0.06265944801732962
0.03138773474158574
-7.85406017409673e-06
-0.03140341186492698
-0.06267503227198315
-0.09369929801471946
-0.12435376804188503
-0.15451746074615366
-0.18407133143280374
-0.21289874214413407
-0.2408859219854003
-0.26792241613553663
-0.2939015217705879
-0.318720709179428
-0.3422820264097775
-0.364492485847539
-0.38526443120376525
-0.4045158834609014
-0.4221708644129842
-0.4381596965229039
-0.45241927791330927
-0.46489333140586775
-0.47553262662601853
-0.48429517429665425
-0.49114639195392806
-0.4960592404311674
-0.4990143305722461
-0.49999999975325493
-0.49901235791047066
-0.49605530289296706
-0.4911405050792778
-0.4842873613188235
-0.4755229183798777
-0.46488176620619515
-0.452405901403577
-0.43814456149514025
-0.4221540305994236
-0.40449741729824346
-0.38524440557097456
-0.36447097977821963
-0.34225912478025683
-0.31869650237378205
-0.2938761053239296
-0.26789589035697453
-0.24085839156215716
-0.21287031572838525
-0.18404212121286848
-0.15448758200373044
-0.12432333869707689
-0.09366843816064979
-0.06264386370083246
-0.03137205758726542
2.3562180514760436e-05
0.03141908895727379
0.06269061646477776
0.09371472780304299
0.12436898253019467
0.15453239988861414
0.18408593627026626
0.21291295503682503
0.24089968684040405
0.2679356786281729
0.293914229558811
0.31873281211040055
0.34229347671780525
0.36450323834258386
0.38527444344979306
0.4045251159433614
0.4221792806947572
0.43816726338810696
0.4524259654983853
0.46489911331744604
0.47553748004507934
0.484299080068587
0.49114933466412697
0.49606120846586754
0.4990153161643584
0.49999999901301984
0.49901137084080954
0.4960533333894708
0.4911375609148323
0.48428345411293316
0.47551806355280724
0.4648759829181125
0.4523992124789344
0.43813699333259476
0.42214561306765264
0.40448818361806327
0.38523439218423144
0.364460226203966
0.34224767345878643
0.3186843984991321
0.29386339666551936
0.26788262707107485
0.24084462599394527
0.21285610220535628
0.18402751583042498
0.1544726424037972
0.124308123840608
0.09365300809493411
0.06262827932250671
0.03135638040198162
-3.927030083239078e-05
-0.03143476601861036
-0.06270620059569822
-0.09373015749887173
-0.12438419689575433
-0.1545473388785546
-0.18410054092603997
-0.2129271677193755
-0.24091345145764498
-0.26794894085636234
-0.29392693705694606
-0.3187449147267903
-0.3423049266879956
-0.36451399047787125
-0.3852844553155622
-0.40453434802656263
-0.42218769655984767
-0.4381748298208476
-0.45243265263692584
-0.4649048947701781
-0.47554233299479415
-0.4843029853625261
-0.49115227688957125
-0.4960631760109652
-0.49901630126395247
-0.4999999977792946
-0.49901038327863406
-0.4960513633963797
-0.4911346162656438
-0.48427954642906457
-0.4755132082564101
-0.46487019917120626
-0.4523925231077825
-0.4381294247376165
-0.42213719511923237
-0.4044789495386618
-0.38522437841726964
-0.3644494722699979
-0.3422362217995244
-0.3186722943099477
-0.2938506877170718
-0.267869363520781
-0.24083086018802452
-0.21284188847224172
-0.18401291026634994
-0.1544577026514021
-0.12429290886144988
-0.09363757793678433
-0.06261269488236854
-0.03134070318574925
5.497842111081803e-05
0.031450443048921875
0.06272178466472758
0.0937455871021911
0.12439941113854885
0.15456227771595993
0.1841151454001093
0.2129413801917703
0.2409272158371083
0.26796220282009076
0.29393964426498176
0.31875701702858444
0.34231637632033846
0.36452474225339004
0.38529446680106383
0.40454357971049704
0.42219611200824747
0.4381823958211186
0.45243933932892455
0.4649106757640584
0.4755471854751582
0.4843068901784676
0.491155218630258
0.4960651430664583
0.4990172858710274
0.4999999960520793
0.4990093952239452
0.49604939291369565
0.49113167113171524
0.4842756382672218
0.4755083524906909
0.46486441496548236
0.452385833290128
0.4381218557102137
0.4221287767541708
0.4044697150600466
0.3852143642700987
0.36443871797632477
0.3422247698024816
0.31866018980624006
0.2938379784785991
0.2678560997061047
0.24081709414440808
0.21282767452905724
0.18399830452065824
0.1544427627465603
0.12427769375961667
0.093622147686217
0.06259711038043332
0.031325025938584224
-7.068654133453856e-05
-0.03146612004819155
-0.06273736867185309
-0.09376101661298542
-0.12441462525856449
-0.15457721640081448
-0.18412974969246146
-0.2129555924539978
-0.24094097997878205
-0.2679754645193465
-0.29395235118290486
-0.3187691190157717
-0.3423278256148218
-0.36453549366913074
-0.38530447790628736
-0.4045528109951544
-0.42220452703994754
-0.43818996138891225
-0.45244602557437463
-0.46491645629908085
-0.4755520374861663
-0.4843107945164083
-0.49115815988618416
-0.4960671096323449
-0.4990182699855821
-0.4999999938313739
-0.499008406676744
-0.4960474219414209
-0.4911287255130493
-0.4842717296274082
-0.4755034962556544
-0.4648586303009468
-0.45237914302597726
-0.4381142862503929
-0.422120357972477
-0.4044604801822288
-0.3852043497427283
-0.3644279633229579
-0.3422133174676705
-0.3186480849880197
-0.2938252689501134
-0.26784283562705974
-0.24080332786311073
-0.21281346037581447
-0.18398369859336303
-0.15442782268928823
-0.1242624785351247
-0.0936067173432447
-0.0625815258167151
-0.03130934866050379
8.639466148938108e-05
0.031481797016406556
0.06275295261705806
0.09377644603123775
0.12442983925578537
0.1545921549331044
0.1841443538030812
0.21296980450603994
0.2409547438826518
0.26798872595411505
0.2939650578107028
0.31878122068834086
0.34233927457143437
0.3645462447250815
0.3853144886312231
0.40456204188052663
0.42221294165494017
0.43819752652422067
0.4524527113732694
0.4649222363752402
0.475556889027814
0.4843146983763434
0.49116110065734725
0.49606907570862313
0.4990192536076156
0.4999999911171784
0.49900741763703127
0.496045450479557
0.4911257794096492
0.48426782050962847
0.47549863955130456
0.46485284517760467
0.4523724523153384
0.4381067163581619
0.4221119387741573
0.40445124490521606
0.3851943348351705
0.36441720830990787
0.3422018647951009
0.31863597985530207
0.2938125591316301
0.2678295712836592
0.2407895613441445
0.21279924601253145
0.18396909248447954
0.15441288247959728
0.12424726318798729
0.09359128690788707
0.06256594119123017
0.03129367135151988
-0.00010210278155895378
-0.031497473953546996
-0.06276853650032711
-0.09379187535693631
-0.12444505313019644
-0.1546070933128158
-0.18415895773195248
-0.2129840163478867
-0.24096850754870403
-0.2680019871243848
-0.29397776414836163
-0.3187933220462793
-0.34235072319016485
-0.364556995421233
-0.38532449897585985
-0.4045712723666042
-0.4222213558532184
-0.43820509122703727
-0.4524593967256016
-0.4649280159925306
-0.4755617401000973
-0.4843186017582697
-0.4911640409437436
-0.49607104129529106
-0.4990202367371272
-0.49999998790949285
-0.49900642810480833
-0.4960434785281061
-0.49112283282151753
-0.48426391091388615
-0.4754937823776481
-0.464847059595462
-0.45236576115821614
-0.4380991460335292
-0.4221035191592234
-0.4044420092290179
-0.38518431954743243
-0.36440645293718643
-0.3421904117847849
-0.3186238744080957
-0.29379984902315825
-0.26781630667591766
-0.24077579458752374
-0.21278503143921818
-0.18395448619402222
-0.1543979421175039
-0.1242320477182203
-0.09357585638015492
-0.06255035650399389
-0.03127799401164973
0.00011781090152597669
0.031513150859601824
0.06278412032164486
0.09380730459006416
0.12446026688178097
0.154622031539933
0.18417356147906577
0.21299822797952242
0.2409822709769235
0.2680152480301419
0.2939904701958731
0.318805423089575
0.3423621714710007
0.3645677457575739
0.38533450894019133
0.40458050245337795
0.4222297696347716
0.4382126554973532
0.45246608163136603
0.4649337951509462
0.47556659070300944
0.48432250466218313
0.4911669807453714
0.4960730063923467
0.49902121937411537
0.4999999842083172
0.4990054380800758
0.4960415060870703
0.4911198857486574
0.4842600008401841
0.47548892473468757
0.46484127355452515
0.4523590695546186
0.43809157527650033
0.42209509912768073
0.40443277315364456
0.38517430387952506
0.36439569720480064
0.3421789584367337
0.3186117686464139
0.2937871386247132
0.2678030418038453
0.24076202759326204
0.2127708166558903
0.18393987972200546
0.1543830016030211
0.12421683212584045
0.09356042576006528
0.06253477175502341
0.03126231664090883
-0.00013351902138027528
-0.031528827734553795
-0.06279970408099593
-0.0938227337306043
-0.12447548051052744
-0.15463696961444137
-0.18418816504440014
-0.21301243940093315
-0.24099603416730142
-0.2680285086713732
-0.29400317595322034
-0.3188175238182147
-0.34237361941393313
-0.3645784957340925
-0.385344518524203
-0.40458973214083876
-0.42223818299959237
-0.43822021933516375
-0.4524727660905547
-0.4649395738504807
-0.4755714408365474
-0.4843264070880794
-0.4911699200622265
-0.4960749709997881
-0.49902220151857996
-0.4999999800136515
-0.4990044475628349
-0.4960395331564512
-0.49111693819107166
-0.48425609028852795
-0.47548406662243003
-0.4648354870547979
-0.4523523775045501
-0.43808400408708387
-0.42208667867953953
-0.4044235366791031
-0.3851642878314583
-0.364384941112766
-0.34216750475095864
-0.3185996625702672
-0.2937744279363046
-0.26778977666745657
-0.24074826036137453
-0.21275660166256183
-0.18392527306844367
-0.15436806093616873
-0.12420161641085758
-0.09354499504763508
-0.06251918694433058
-0.03124663923931264
0.00014922714109924054
0.031544504578387436
0.06281528777836494
0.09383816277854677
0.1244906940164208
0.1546519075363244
0.18420276842794608
0.2130266506121032
0.2410097971198179
0.2680417690480657
0.2940158814203923
0.31882962423219063
0.34238506701894833
0.3645892453507805
0.38535452772788836
0.40459896142897644
0.4222465959476715
0.4382277827404587
0.4524794501031632
0.46494535209112975
0.47557629050070516
0.48433030903595553
0.49117285889430695
0.49607693511761314
0.49902318317051914
0.4999999753254957
0.49900345655308626
0.49603755973625085
0.4911139901487635
0.48425217925892017
0.47547920804087856
0.4648297000962885
0.4523456850080195
0.43807643246528627
0.4220782578148062
0.4044142998054046
0.3851542714032431
0.36437418466108934
0.34215605072747113
0.31858755617967033
0.2937617169579465
0.2677765112667647
0.24073449289187332
0.21274238645924842
0.18391066623335295
0.15435312011695643
0.12418640057329193
0.09352956424287259
0.06250360207193256
0.031230961806876633
-0.0001649352606709216
-0.03156018139108551
-0.06283087141373475
-0.0938535917338711
-0.12450590739944258
-0.15466684530557415
-0.18421737162968757
-0.2130408616130234
-0.24102355983446241
-0.2680550291602048
-0.29402858659737496
-0.31884172433148655
-0.34239651428604
-0.3645999946076262
-0.3853645365512365
-0.404608190317783
-0.42225500847900155
-0.4382353457132307
-0.4524861336691828
-0.46495112987288756
-0.47558113969547916
-0.48433421050580727
-0.4911757972416095
-0.49607889874582006
-0.49902416432993235
-0.4999999701438499
-0.49900246505083123
-0.4960355858264711
-0.4911110416217353
-0.4842482677513651
-0.47547434899003854
-0.4648239126790014
-0.4523389920650335
-0.43806886041111764
-0.42206983653348906
-0.40440506253255615
-0.38514425459488716
-0.3643634278497826
-0.34214459636628225
-0.31857544947463656
-0.2937490056896514
-0.2677632456017827
-0.24072072518477033
-0.21272817104596087
-0.1838960592167444
-0.15433817914540066
-0.12417118461315675
-0.09351413334580527
-0.06248801713784473
-0.031215284343616288
0.00018064338008159114
0.031575858172636084
0.06284645498709349
0.09386902059656377
0.12452112065957949
0.15468178292216403
0.18423197464961014
0.2130550724036717
0.24103732231122307
0.26806828900778035
0.29404129148415864
0.3188538241160921
0.3424079612151907
0.3646107435046189
0.3853745449942351
0.40461741880725033
0.4222634205935753
0.4382429082534739
0.4524928167886074
0.4649569071957472
0.47558598842086397
0.48433811149763073
0.4911787351041306
0.49608086188440714
0.49902514499681877
0.499999964468714
0.4990014730560707
0.4960336114271143
0.4911080926099902
0.48424435576586655
0.4754694894699159
0.4648181248029417
0.4523322986755971
0.43806128792458293
0.4220614148355982
0.40439582486056586
0.3851342374064015
0.3643526706788564
0.3421331416674061
0.3185633424551724
0.2937362941314318
0.2677499796725237
0.24070695724007765
0.21271395542271165
0.1838814520186341
0.1543232380215162
0.12415596853047053
0.09349870235643785
0.06247243214208245
0.031199606849547073
-0.00019635149931752197
-0.031591534923021906
-0.06286203849842402
-0.0938844493666061
-0.12453633379681307
-0.15469672038608942
-0.1842465774876994
-0.21306928298404523
-0.2410510845500847
-0.2680815485907779
-0.29405399608072946
-0.3188659235859925
-0.3424194078063888
-0.3646214920417481
-0.3853845530568813
-0.4046266468973683
-0.4222718322913834
-0.4382504703611801
-0.45249949946143064
-0.46496268405970226
-0.4755908366768548
-0.48434201201142213
-0.4911816724818694
-0.49608282453337227
-0.49902612517117717
-0.499999958300088
-0.4990004805688055
-0.4960316365381825
-0.4911051431135312
-0.48424044330242844
-0.47546462948051316
-0.4648123364681157
-0.4523256048397177
-0.43805371500569035
-0.4220529927211412
-0.40438658678944905
-0.38512421983779593
-0.36434191314832376
-0.34212168663084874
-0.3185512351212926
-0.29372358228330037
-0.26773671347900074
-0.2406931890578151
-0.2126997395895244
-0.1838668446390364
-0.15430829674532112
-0.12414075232524138
-0.09348327127478909
-0.06245684708466113
-0.031183929324684466
0.00021205961835610502
0.03160721164222751
0.06287762194770743
0.09389987804398982
0.12455154681113521
0.15471165769733222
0.18426118014394094
0.2130834933541204
0.24106484655103366
0.2680948079091842
0.29406670038707194
0.31887802274118127
0.34243085405962836
0.36463224021900303
0.3853945607391583
0.4046358745881299
0.42228024357241756
0.4382580320363417
0.45250618168764434
0.4649684604647497
0.47559568446344697
0.48434591204717753
0.49118460937482095
0.4960847866927139
0.4990271048530067
0.499999951637972
0.498999487589037
0.49602966115967695
0.49110219313236114
0.4842365303610546
0.4754597690218352
0.4648065476745291
0.4523189105574018
0.43804614165444916
0.4220445701901282
0.4043773483192087
0.3851142018890804
0.36433115525818804
0.34211023125662143
0.31853912747300894
0.29371087014526953
0.26772344702122997
0.24067942063799624
0.2126855235464035
0.1838522370779658
0.15429335531682004
0.12412553599748775
0.09346784010087417
0.06244126196559613
0.031168251769047486
-0.00022776773718183676
-0.03162288833023742
-0.06289320533493895
-0.09391530662869622
-0.12456675970252747
-0.15472659485587767
-0.18427578261832037
-0.2130977035138832
-0.2410786083140564
-0.2681080669629863
-0.29407940440318214
-0.31889012158164376
-0.3424422999748955
-0.3646429880363732
-0.38540456804105844
-0.40464510187951963
-0.4222886544366694
-0.4382655932789513
-0.4525128634672449
-0.4649742364108825
-0.4756005317806356
-0.4843498116048931
-0.491187545782983
-0.49608674836242883
-0.4990280840423064
-0.4999999444823659
-0.49899849411676567
-0.4960276852915999
-0.4910992426664829
-0.4842326169417489
-0.4754549080938889
-0.4648007584221877
-0.4523122158286562
-0.4380385678708634
-0.4220361472425636
-0.40436810944985585
-0.3851041835602649
-0.36432039700846713
-0.34209877554474327
-0.3185270195103335
-0.2936981577173548
-0.26771018029921845
-0.24066565198062845
-0.2126713072933662
-0.18383762933543668
-0.15427841373603787
-0.12411031954722469
-0.09345240883470833
-0.06242567678490637
-0.031152574182644516
0.00024347585578631895
0.031638564987036176
0.06290878866009258
0.09393073512071358
0.12458197247097477
0.15474153186171105
0.18429038491081992
0.21311191346332922
0.2410923698391362
0.268121325752168
0.294092108129036
0.318902220107368
0.34245374555217883
0.36465373549384794
0.3854145749625697
0.40465432877153484
0.4222970648841308
0.4382731540890015
0.4525195448002257
0.4649800118980962
0.4756053786284159
0.484353710684565
0.4911904817063527
0.49608870954251594
0.4990290627390751
0.4999999368332698
0.49899750015199273
0.49602570893395337
0.4910962917158995
0.4842287030445161
0.4754500466966792
0.46479496871109716
0.4523055206534874
0.4380309936549406
0.4220277238784558
0.4043588701813976
0.38509416485135906
0.36430963839917163
0.34208731949521787
0.318514911233281
0.2936854449995629
0.2676969133129823
0.2406518830857284
0.21265709083042653
0.18382302141146345
0.15426347200298932
0.1240951029744672
0.09343697747630685
0.06241009154259666
0.03113689656549102
-0.000259183974154048
-0.03165424161260828
-0.06292437192315295
-0.09394616352001617
-0.12459718511645872
-0.15475646871481424
-0.18430498702143186
-0.21312612320243157
-0.24110613112626883
-0.2681345842767253
-0.2941048115646326
-0.3189143183183421
-0.34246519079146714
-0.36466448259141665
-0.38542458150368897
-0.4046635552641663
-0.4223054749147953
-0.4382807144664831
-0.45252622568657574
-0.46498578692638126
-0.4756102250067821
-0.4843576092861885
-0.4911934171449265
-0.4960906702329742
-0.4990300409433124
-0.4999999286906837
-0.49899650569471915
-0.49602373208673933
-0.49109334028061374
-0.48422478866935736
-0.4754451848302075
-0.4647891785412645
-0.4522988250319035
-0.4380234190066932
-0.4220193000978188
-0.40434963051384937
-0.38508414576237526
-0.36429887943030725
-0.342075863108059
-0.3185028026418551
-0.2936727319919064
-0.2676836460625316
-0.24063811395330975
-0.21264287415759853
-0.1838084133060606
-0.15424853011767908
-0.12407988627923378
-0.09342154602568839
-0.06239450623869647
-0.03112121891761312
0.0002748920922588622
0.03166991820693475
0.06293995512411175
0.09396159182659926
0.12461239763897457
0.15477140541518258
0.18431958895014167
0.21314033273118907
0.2411198921754314
0.2681478425366361
0.2941175147099507
0.31892641621455137
0.3424766356927465
0.3646752293290664
0.38543458766439725
0.40467278135739876
0.4223138845286488
0.438288274411392
0.4525329061262928
0.46499156149573584
0.4756150709157325
0.4843615074097624
0.4911963520987034
0.49609263043380086
0.4990310186550167
0.4999999200546076
0.49899551074494614
0.49602175474996013
0.4910903883606293
0.48422087381628015
0.475440322494483
0.4647833879126915
0.4522921289639066
0.43801584392612375
0.4220108759006552
0.4043403904472139
0.38507412629331644
0.3642881201018847
0.34206440638327545
0.31849069373607597
0.29366001869440655
0.26767037854788844
0.24062434458338916
0.21262865727489944
0.18379380501924575
0.1542335880801353
0.12406466946152904
0.09340611448285775
0.0623789208732071
0.03110554123901565
-0.0002906002100959161
-0.03168559477001072
-0.06295553826295358
-0.0939770200404476
-0.12462761003849358
-0.1547863419627879
-0.18433419069692514
-0.21315454204957487
-0.2411336529866103
-0.26816110053188724
-0.29413021756497776
-0.31893851379599203
-0.34248808025601335
-0.36468597570679373
-0.3854445934446915
-0.40468200705122925
-0.4223222937256888
-0.4382958339237208
-0.4525395861193704
-0.4649973356061517
-0.4756199163552582
-0.48436540505527936
-0.4911992865676779
-0.49609459014499296
-0.49903199587418706
-0.4999999109250414
-0.49899451530267397
-0.4960197769236164
-0.49108743595594706
-0.4842169584852848
-0.47543545968950723
-0.46477759682538783
-0.45228543244950786
-0.4380082684132396
-0.42200245128697716
-0.40433114998150466
-0.3850641064442017
-0.36427736041392184
-0.34205294932088637
-0.3184785845159556
-0.2936473051070672
-0.26765711076905696
-0.24061057497597094
-0.21261444018233366
-0.18377919655102343
-0.15421864589035927
-0.12404945252137839
-0.0933906828478406
-0.06236333544615801
-0.03108986352972117
0.0003063083276426006
0.03170127130180654
0.0629711213396525
0.09399244816153551
0.1246428223150145
0.15480127835762553
0.1843487922617777
0.21316875115758457
0.24114741355980124
0.2681743582624747
0.2941429201297098
0.3189506110626439
0.34249952448124865
0.36469672172457834
0.38545459884455735
0.40469123234564447
0.42233070250590315
0.43830339300345683
0.45254626566579736
0.465003109257627
0.4756247613253586
0.48436930222273816
0.49120222055184914
0.49609654936655007
0.49903297260082313
0.4999999013019853
0.4989935193679041
0.4960177986077114
0.49108448306657254
0.48421304267637866
0.47543059641528723
0.4647718052793592
0.4522787354887139
0.43800069246805334
0.4219940262567872
0.4043219091167244
0.385054086215034
0.36426660036642206
0.34204149192089517
0.3184664749814977
0.2936345912299009
0.2676438427260502
0.240596805131081
0.21260022287992805
0.1837645879014246
0.15420370354838267
0.12403423545879683
0.0933752511206522
0.062347749957554016
